V1	V2	V3	V4	V5	V6	V7	V8	V9	V10	V11	V12	V13	V14	V15	V16	V17	V18	V19	V20	V21	V22	V23	V24	V25	V26	V27	V28	V29	V30
Akt	-0.320076906530802	-0.25572066422634	-0.13610986636234	-0.304863530018099	-0.109966530498798	0.0443151411965641	0.0135283498250168	-0.102271485435891	0.11154478607304	0.159008620607543	-0.313991582446688	-0.0104645688713167	7.17411775032562e-05	0.0443151411965641	0.176746790308292	0.134372476384746	0.168181342575356	-0.260296831721122	0.257544731819623	0.137921520754906	0.522830078515963	0.0252909425210309	0.243562205325601	0.168181342575356	-0.0104645688713167	0.14251905104903	0.0493164042244596	-0.00860071344769851	0.0493164042244596	-0.409998239312326
Akt (phospho-Ser473)	-1.75893088112329	0.0283220849388225	0.31209584130944	7.17411775032562e-05	-0.302637649620018	-0.00860071344769851	0.0252909425210309	0.137965241303008	0.176746790308292	0.131664208948702	-0.0566688946702022	-0.25572066422634	0.168181342575356	0.168181342575356	0.224677336792846	0.14251905104903	-0.357538970068876	0.0405163835860672	-0.185679761465175	0.11154478607304	-0.00860071344769851	-0.109966530498798	-0.25572066422634	0.176746790308292	-0.185679761465175	-0.185679761465175	0.130466309488558	-0.251197870046358	-0.578678717018728	-0.578678717018728
AMPK alpha (phospho-Thr172)	0.11154478607304	0.0327545200269945	0.0493164042244596	0.0252909425210309	-0.304863530018099	0.159008620607543	0.0405163835860672	-0.0566688946702022	0.168181342575356	0.388019224886997	0.168181342575356	-0.304863530018099	-0.583825894782005	0.0954061144374512	0.219165663678322	-0.0848657384232398	-0.251197870046358	-1.75893088112329	0.0871593129411415	7.17411775032562e-05	0.31209584130944	0.1317601854508	-0.109966530498798	0.388019224886997	0.0702471064397262	0.402036959308954	-0.518002510416586	-0.0103519666809433	-0.0104645688713167	0.0954061144374512
Bad (phospho-Ser112)	0.137965241303008	-0.185679761465175	-0.304863530018099	0.137965241303008	0.219165663678322	0.0665961133080345	-0.518002510416586	-0.583825894782005	0.0493164042244596	7.17411775032562e-05	0.0871593129411415	-1.19246761337933	0.137965241303008	-0.0842590919538148	0.0135283498250168	-0.304863530018099	0.198813469365243	0.522830078515963	0.0954061144374512	-1.19246761337933	-0.0842590919538148	0.120828861365597	0.402036959308954	0.11154478607304	0.402036959308954	0.0670868165360077	0.137965241303008	0.0135283498250168	0.137965241303008	0.31209584130944
beta-Catenin	-0.25572066422634	0.0702471064397262	-0.0103519666809433	0.0871593129411415	0.257544731819623	0.0493164042244596	-0.218336025866234	0.0518316306153811	0.131664208948702	0.0665961133080345	0.120828861365597	-0.313991582446688	-0.109966530498798	0.137921520754906	0.0518316306153811	0.0665961133080345	-0.583825894782005	-0.0566688946702022	-0.0104645688713167	0.0305957994727998	0.0871593129411415	0.0954061144374512	-0.578678717018728	0.0135283498250168	-0.10570788552973	0.472627409496306	0.0670868165360077	-0.10570788552973	0.0670868165360077	-0.25572066422634
c-Jun (phospho-Ser73)	0.177249997975739	0.522830078515963	0.142689608356317	-0.201080263691541	-0.10570788552973	-0.0842590919538148	-0.304863530018099	0.0327545200269945	0.130466309488558	0.402036959308954	0.0493164042244596	0.522830078515963	-0.260296831721122	0.137965241303008	0.168181342575356	-0.313991582446688	0.472627409496306	0.0252909425210309	0.0670868165360077	0.472627409496306	0.257544731819623	0.142689608356317	-0.260296831721122	-0.218336025866234	0.159008620607543	0.224677336792846	-0.583825894782005	0.0665961133080345	-0.185679761465175	0.14251905104903
Met (phospho-Tyr1234/1235)	0.0161728045751672	-0.0258386693789755	0.421323443384838	0.215095178223199	-0.342960506525423	0.424250621178673	-0.345898922810728	-0.0297751033681778	-0.259969154027587	-0.28522182428388	0.219059975802681	-0.0484440495367061	-0.840013455571203	0.0661842609200034	-0.115815803980555	-0.05607342683197	-0.109054496702156	0.401147964690924	-0.481637637798376	-0.0998076672472318	0.106551984216427	0.231329398603644	-0.220898757151385	0.219959022493965	-0.00628842894728661	-2.03410919716324	0.0262451660949867	-0.0422059174686107	0.253726899459244	0.351210084592806
eIF2 alpha (phospho-Ser51)	0.13485888005374	-0.563917649122628	-0.179253663021182	-0.411392830428589	-1.37145991952081	0.231382750834274	0.631600772960844	-0.15253140777029	-0.153230533730939	0.164642703675619	-0.2679786675109	-0.324416045943772	1.11755181024359	-0.641730992381147	-0.121170740376179	0.429049503448252	-0.291614521345329	-0.182117617191365	0.086879550352831	-1.86193483115772	0.398414324597262	-0.677067975437938	-0.119277572117288	-0.0602098564101557	0.06375541916006	0.0108738025456707	0.281709013958129	0.149688912648502	-0.361309492804255	-0.0461340788816509
GSK-3-alpha/beta (phospho-Ser21/Ser9)	0.0252909425210309	0.177249997975739	0.137921520754906	-1.19246761337933	-0.578678717018728	-0.201080263691541	0.134372476384746	-0.0332351720811579	0.0665961133080345	-0.218336025866234	0.0670868165360077	0.0665961133080345	0.388019224886997	0.120828861365597	-0.109966530498798	0.236704722941788	0.0702471064397262	0.0954061144374512	0.0252909425210309	0.0493164042244596	0.130466309488558	0.0135283498250168	0.159008620607543	0.0283220849388225	0.0443151411965641	0.137921520754906	-0.578678717018728	-1.75893088112329	0.11154478607304	-0.185679761465175
IRS-1 (phospho-Ser636,Ser639)	-0.388019224886997	0.302637649620018	0.0842590919538148	0.10570788552973	-0.0327545200269945	-0.131664208948702	-0.159008620607543	-0.224677336792846	0.409998239312326	0.10570788552973	-0.522830078515963	-0.0954061144374512	0.302637649620018	-0.522830078515963	0.218336025866234	0.13610986636234	-0.31209584130944	-7.17411775032562e-05	-0.0443151411965641	0.10570788552973	0.10570788552973	-0.14251905104903	-0.0135283498250168	-0.0940283114014566	-0.0518316306153811	-0.0518316306153811	0.313991582446688	-0.472627409496306	-0.131664208948702	-0.0940283114014566
MEK1/2 (phospho-Ser217/221)	0.131664208948702	0.142689608356317	-0.201080263691541	0.0493164042244596	0.0405163835860672	0.0871593129411415	-0.541509885241096	0.177249997975739	0.0702471064397262	-0.260296831721122	0.137965241303008	-0.0345233988200948	-0.518002510416586	0.130466309488558	0.177249997975739	0.0954061144374512	0.236704722941788	0.120828861365597	-0.102271485435891	0.130466309488558	0.0135283498250168	-0.313991582446688	-0.218336025866234	-0.0842590919538148	0.0305957994727998	-0.201080263691541	-0.0104645688713167	7.17411775032562e-05	-0.541509885241096	0.0702471064397262
mTOR (phospho-Ser2448)	-0.0550292190628644	0.0786730330636542	0.422005371156447	-0.707494570470397	-0.641052506795404	0.471075117963137	-1.01797706842868	-0.180225389200763	-0.237106474755985	-0.164288435240373	0.385052639232346	-0.572137382577143	-1.68323775956193	0.0692136889826775	0.0597454710214029	-0.0405509633623165	0.350843141019474	0.212471953336415	-0.494937034717153	0.0628606784437022	0.0239746737934909	0.178210402996683	0.234338118006603	0.217270451445276	0.280445741940709	0.0589595390016295	-0.0713167800482633	-0.854239775573443	-0.0194484500875992	-0.334750070194207
PKC-delta (phospho-Thr505)	0.015447438076957	0.132939129617108	-0.0629648514634584	0.151182645695711	0.234286691837086	-0.38956221229098	-0.417352491501904	-0.954358308936614	0.0560537775129388	-0.380803891456332	-0.13641184785551	-0.0654454248491261	0.100691078798194	0.0898618905971074	-0.448871267036818	-0.278774217071075	0.317913102522463	-0.157813143402465	-0.46397974655019	-0.0927521837017818	0.469222792525247	0.139879038474621	-0.137126206628363	-0.0468631099125483	-0.98014390183698	-0.332501255432478	0.00656438614652353	0.0458049190831108	0.328496308110079	-1.10422446417687
Rb (phospho-Ser807,Ser811)	0.176746790308292	-0.357538970068876	-1.75893088112329	0.388019224886997	0.131664208948702	0.224677336792846	0.177249997975739	-0.0345233988200948	0.224677336792846	0.176746790308292	0.236704722941788	-0.10570788552973	-0.313991582446688	0.472627409496306	0.31209584130944	-0.578678717018728	0.522830078515963	0.130466309488558	0.0518316306153811	-0.218336025866234	0.0405163835860672	0.0871593129411415	-0.13610986636234	-0.518002510416586	0.176746790308292	0.0327545200269945	-1.19246761337933	-0.541509885241096	0.224677336792846	0.219165663678322
SAPK/JNK (phospho-Thr182,Tyr185)	-0.13610986636234	0.31209584130944	0.168181342575356	0.219165663678322	-0.583825894782005	0.134372476384746	0.0940283114014566	0.130466309488558	-0.0848657384232398	0.120828861365597	-0.0104645688713167	-0.320076906530802	-0.0566688946702022	-0.0103519666809433	0.120828861365597	0.0305957994727998	0.137921520754906	-0.302637649620018	0.198813469365243	0.0940283114014566	-0.102271485435891	0.402036959308954	0.0405163835860672	-0.25572066422634	0.0940283114014566	-0.313991582446688	-0.201080263691541	0.0518316306153811	-0.304863530018099	-0.313991582446688
Src (phospho-Tyr527)	-0.522830078515963	0.320076906530802	0.251197870046358	0.0104645688713167	0.201080263691541	0.251197870046358	-0.0518316306153811	-0.0665961133080345	-0.0954061144374512	-0.219165663678322	-0.1317601854508	-0.0670868165360077	-0.176746790308292	0.313991582446688	-0.472627409496306	0.0345233988200948	-0.0493164042244596	-0.224677336792846	0.0345233988200948	0.518002510416586	-0.0702471064397262	-0.176746790308292	0.0103519666809433	-0.0443151411965641	-0.11154478607304	-0.0665961133080345	-0.159008620607543	-0.31209584130944	-0.472627409496306	0.102271485435891
MITF	0.256207676586116	0.184031113425321	0.470997719686407	-0.418983808713926	-0.112089360533625	-0.0334533153097628	0.111501379388937	0.0139782134322208	-0.269339592966001	-0.0956396631081002	-0.507966476973092	0.022946089973074	0.305554398516539	-0.125265330782377	-0.306181135295757	0.18859946791062	-0.374874686092463	0.179463242669526	0.414682430569469	0.547488280628193	-0.248758427702409	0.118308960985548	-1.11296330307556	-1.74476983865388	0.0356859204232989	0.10947714396352	-0.425449224871704	-0.848869641088845	0.0863681925093198	-0.177098972686402
c-Myc (phospho-Thr58,Ser62)	0	0	0	0	0	0	0	0	0	0	0	0	0	0	0	0	0	0	0	0	0	0	0	0	0	0	0	0	0	0
p38 MAPK (phospho-Thr180,Tyr182)	0.0443151411965641	-0.13610986636234	-0.320076906530802	0.0443151411965641	0.0518316306153811	-0.409998239312326	0.0702471064397262	-0.0103519666809433	-0.218336025866234	-0.0345233988200948	-1.75893088112329	0.1317601854508	0.137921520754906	0.11154478607304	0.130466309488558	0.243562205325601	0.177249997975739	-0.409998239312326	0.1317601854508	0.142689608356317	0.176746790308292	-0.260296831721122	-0.518002510416586	0.219165663678322	0.198813469365243	0.0305957994727998	-0.357538970068876	-0.0848657384232398	0.0252909425210309	0.472627409496306
PDK-1 (phospho-Ser241)	-0.313991582446688	-0.0842590919538148	-0.10570788552973	0.137921520754906	0.0252909425210309	-0.0566688946702022	0.243562205325601	-0.185679761465175	0.0305957994727998	-1.75893088112329	0.130466309488558	-0.0848657384232398	0.198813469365243	0.0252909425210309	0.1317601854508	0.159008620607543	0.0954061144374512	0.31209584130944	0.0135283498250168	0.0871593129411415	0.142689608356317	0.522830078515963	0.388019224886997	-0.201080263691541	0.236704722941788	-0.409998239312326	0.0252909425210309	-0.218336025866234	-0.518002510416586	0.0405163835860672
Raf (phospho-Ser338)	0.402036959308954	0.130466309488558	0.236704722941788	0.0940283114014566	-0.260296831721122	-1.75893088112329	0.0670868165360077	-0.302637649620018	-0.109966530498798	0.1317601854508	-0.304863530018099	-1.75893088112329	0.0940283114014566	-0.109966530498798	0.388019224886997	0.176746790308292	0.0665961133080345	-0.109966530498798	-0.357538970068876	-0.0345233988200948	0.137965241303008	0.159008620607543	-0.0332351720811579	0.130466309488558	0.0405163835860672	-0.109966530498798	0.243562205325601	0.137965241303008	-0.409998239312326	0.176746790308292
Smad3 (phospho-Ser423,Ser425)	0.14251905104903	-1.75893088112329	0.257544731819623	-0.0566688946702022	-0.409998239312326	0.0327545200269945	0.0665961133080345	0.159008620607543	0.137965241303008	0.0954061144374512	-1.19246761337933	0.0940283114014566	0.131664208948702	-0.102271485435891	-0.357538970068876	0.177249997975739	0.1317601854508	0.402036959308954	0.472627409496306	-0.320076906530802	0.243562205325601	-0.357538970068876	0.198813469365243	0.0327545200269945	0.14251905104903	0.176746790308292	0.0405163835860672	-0.304863530018099	-0.13610986636234	-0.304863530018099
Stat1 (phospho-Ser727)	-0.583825894782005	0.224677336792846	-0.102271485435891	-0.25572066422634	-1.75893088112329	-0.109966530498798	-1.75893088112329	0.236704722941788	-1.19246761337933	0.0252909425210309	-0.00860071344769851	0.137921520754906	-0.578678717018728	0.0518316306153811	-0.00860071344769851	0.137921520754906	0.0940283114014566	-0.218336025866234	-0.313991582446688	-0.185679761465175	0.198813469365243	0.257544731819623	0.131664208948702	-0.260296831721122	-0.218336025866234	0.131664208948702	0.142689608356317	0.257544731819623	0.0327545200269945	-0.0103519666809433
Stat1 (phospho-Tyr701)	0.159008620607543	0.131664208948702	0.243562205325601	-1.75893088112329	0.120828861365597	0.0283220849388225	0.522830078515963	-0.409998239312326	0.0518316306153811	0.0670868165360077	-0.185679761465175	-0.102271485435891	0.14251905104903	0.402036959308954	0.0493164042244596	0.0405163835860672	0.0305957994727998	-0.0848657384232398	0.0305957994727998	0.0670868165360077	0.0493164042244596	0.472627409496306	0.236704722941788	-0.304863530018099	-1.19246761337933	0.243562205325601	0.388019224886997	0.236704722941788	-0.25572066422634	0.168181342575356
PARP (cleaved-Asp214)	0	0	0	0	0	0	0	0	0	0	0	0	0	0	0	0	0	0	0	0	0	0	0	0	0	0	0	0	0	0
IGF-1R	-0.185679761465175	0.472627409496306	0.388019224886997	0.0135283498250168	0.134372476384746	-0.25572066422634	-0.10570788552973	0.402036959308954	0.236704722941788	0.472627409496306	-0.251197870046358	0.198813469365243	0.0665961133080345	0.1317601854508	0.0665961133080345	7.17411775032562e-05	-0.0842590919538148	0.137965241303008	0.137921520754906	0.0405163835860672	-0.0566688946702022	0.0493164042244596	0.224677336792846	0.137921520754906	0.0954061144374512	-0.583825894782005	0.168181342575356	0.402036959308954	0.219165663678322	-0.518002510416586
Stat6 (phospho-Tyr641)	0.472627409496306	0.168181342575356	0.0283220849388225	0.168181342575356	0.0443151411965641	-0.302637649620018	-0.185679761465175	0.472627409496306	-1.75893088112329	0.0327545200269945	0.159008620607543	0.219165663678322	0.31209584130944	0.0135283498250168	0.522830078515963	0.0135283498250168	0.0405163835860672	-0.304863530018099	-1.75893088112329	-0.0104645688713167	0.472627409496306	-0.218336025866234	0.257544731819623	-0.10570788552973	-0.13610986636234	0.236704722941788	-0.185679761465175	-0.201080263691541	-0.109966530498798	0.224677336792846
p44/42 MAPK (ERK1/2)	0.145977962146566	-0.228400635797714	0.737217665902521	-0.165610525682721	-0.137891908000023	-0.203012211884107	-0.282155475299291	0.115812463331194	-0.0993516055659904	-0.23780821532959	0.555538516905556	0.657267149328103	0.371416577983702	-0.500741174213689	-0.0777001935891922	0.0642002484780821	0.359088062395078	1.01597397646132	-0.454148549818104	0.349485987003116	0.320755763340137	-0.0271026882349239	0.258534526762878	0.460642207258156	-0.303667048249745	0.342534353406335	0.748228352983508	0.363221434878049	-0.0506453257556634	-1.19913775876326
p70 S6 Kinase	-0.0355132213759123	0.107983717271117	-0.159738253355297	-0.00760120729624025	0.502142355772731	-0.159222718525126	-0.774467017561334	-0.666311063460556	0.116890203296899	0.355069052608035	0.0611540356139688	-0.279949115811753	0.00110647274366719	-0.176367263960865	-0.0869683027414673	0.143343398164057	-0.236881051264058	-0.246717033415398	0.293550736810252	0.626740136711189	0.0167128679952432	-0.000224588993656516	0.702825728080992	-0.693337750584188	-0.191326502929905	-1.05819672922767	0.163173837239386	-0.257587431199918	0.309350518621097	-0.283587937427239
EGFR	0.0670868165360077	-0.201080263691541	0.134372476384746	0.176746790308292	0.236704722941788	0.168181342575356	0.219165663678322	0.522830078515963	0.402036959308954	-1.19246761337933	0.14251905104903	-0.185679761465175	0.0443151411965641	0.134372476384746	-0.102271485435891	-0.0566688946702022	0.14251905104903	-0.201080263691541	0.168181342575356	0.0283220849388225	0.236704722941788	0.168181342575356	0.0252909425210309	-0.251197870046358	0.472627409496306	-0.0103519666809433	-0.102271485435891	0.131664208948702	0.198813469365243	0.11154478607304
Caspase 3 (cleaved-Asp175)	-0.137921520754906	-0.0443151411965641	-0.0327545200269945	0.518002510416586	0.541509885241096	-0.402036959308954	-0.472627409496306	0.518002510416586	0.25572066422634	0.25572066422634	0.0103519666809433	0.13610986636234	-0.243562205325601	0.541509885241096	0.0332351720811579	-0.142689608356317	-0.0283220849388225	0.10570788552973	-0.0493164042244596	0.201080263691541	-0.177249997975739	-0.177249997975739	0.10570788552973	0.185679761465175	0.109966530498798	-0.11154478607304	0.218336025866234	0.357538970068876	0.102271485435891	0.00860071344769851
CDK1 (p34cdc2) (phospho-Thr161)	0.0405163835860672	0.0252909425210309	-0.0104645688713167	0.31209584130944	0.142689608356317	-0.518002510416586	0.14251905104903	0.31209584130944	0.0940283114014566	-0.0842590919538148	-0.518002510416586	0.0702471064397262	0.0954061144374512	0.0283220849388225	-1.75893088112329	-0.302637649620018	0.11154478607304	-0.13610986636234	0.522830078515963	0.31209584130944	-0.25572066422634	-0.0332351720811579	0.0954061144374512	-0.102271485435891	-0.0332351720811579	0.137965241303008	-0.0345233988200948	-0.260296831721122	0.142689608356317	-0.0104645688713167
VEGFR (phospho-Tyr951)	0.130466309488558	0.219165663678322	0.159008620607543	0.0327545200269945	0.243562205325601	-0.185679761465175	-0.357538970068876	0.14251905104903	0.257544731819623	0.130466309488558	7.17411775032562e-05	0.130466309488558	0.177249997975739	-0.218336025866234	0.257544731819623	-0.409998239312326	0.219165663678322	-0.00860071344769851	0.0665961133080345	-0.13610986636234	-0.109966530498798	0.131664208948702	0.0305957994727998	7.17411775032562e-05	0.131664208948702	-0.13610986636234	-0.260296831721122	-0.102271485435891	0.134372476384746	-0.0332351720811579
MEK1/2	-0.0842590919538148	-0.0566688946702022	-0.109966530498798	-0.0848657384232398	-0.0842590919538148	-0.0103519666809433	0.130466309488558	0.257544731819623	0.134372476384746	0.243562205325601	0.134372476384746	-0.578678717018728	0.0305957994727998	0.0493164042244596	-0.201080263691541	-1.75893088112329	-0.0332351720811579	0.159008620607543	-0.0103519666809433	-0.578678717018728	0.134372476384746	0.388019224886997	0.137965241303008	0.198813469365243	-0.313991582446688	0.134372476384746	0.0305957994727998	0.224677336792846	0.0283220849388225	0.0871593129411415
Rb	0.0345233988200948	-0.388019224886997	0.518002510416586	0.302637649620018	-0.0665961133080345	0.0345233988200948	0.583825894782005	-0.0405163835860672	0.0103519666809433	-0.11154478607304	0.357538970068876	-0.0252909425210309	-0.0493164042244596	-0.14251905104903	-0.11154478607304	0.320076906530802	0.0566688946702022	1.19246761337933	0.304863530018099	0.0848657384232398	0.0332351720811579	-0.0405163835860672	0.0848657384232398	0.302637649620018	0.304863530018099	0.304863530018099	0.302637649620018	0.0566688946702022	-0.0702471064397262	0.0345233988200948
Rb (phospho-Ser780)	-0.518002510416586	-0.10570788552973	-0.185679761465175	-0.409998239312326	0.224677336792846	0.142689608356317	0.236704722941788	0.0702471064397262	0.243562205325601	-0.304863530018099	-0.0345233988200948	-0.109966530498798	-0.13610986636234	-0.10570788552973	-0.409998239312326	0.219165663678322	-1.75893088112329	-0.578678717018728	0.14251905104903	0.0252909425210309	-0.304863530018099	-0.409998239312326	-0.357538970068876	0.134372476384746	0.120828861365597	0.142689608356317	-0.409998239312326	0.137921520754906	0.0940283114014566	0.142689608356317
p90 S6 kinase (Rsk1-3) (phospho-Thr359,Ser363)	-0.0165458448630757	0.0320547048144122	0.588710171241363	-0.000979990552090949	-0.026529481734786	0.0955371938286536	-0.194196847380711	0.0142328737711427	0.012370635188469	-0.596493150490495	0.247504352594067	-0.278384597565986	-0.851143355622823	0.0608802353068418	0.0203299329705369	-0.477337281074527	-0.126948298316528	0.246210758353192	-0.267601968655992	0.00922799310116755	-0.411615656531131	0.30879536006988	0.165058242104817	0.132428217782386	-0.132119503314088	-0.564517674549317	0.175532708095287	-0.266288525227962	0.117963270302422	0.173169663076954
PTEN	-0.134372476384746	-0.1317601854508	0.00860071344769851	0.00860071344769851	0.518002510416586	-0.120828861365597	0.0566688946702022	0.320076906530802	0.251197870046358	-0.177249997975739	0.0848657384232398	0.0332351720811579	-0.1317601854508	1.75893088112329	-0.0702471064397262	0.102271485435891	-0.224677336792846	-0.198813469365243	-0.0327545200269945	-0.134372476384746	0.583825894782005	0.185679761465175	0.0842590919538148	-0.0493164042244596	0.102271485435891	-0.0443151411965641	-0.134372476384746	-0.0940283114014566	0.0345233988200948	-0.120828861365597
VEGFR 2	0.236704722941788	-0.260296831721122	0.224677336792846	-0.0842590919538148	0.522830078515963	0.0252909425210309	-0.0332351720811579	0.198813469365243	-0.0104645688713167	0.236704722941788	0.0443151411965641	7.17411775032562e-05	0.159008620607543	-1.19246761337933	-0.0103519666809433	0.0443151411965641	0.120828861365597	0.176746790308292	-0.13610986636234	-0.260296831721122	0.0954061144374512	-0.320076906530802	-0.409998239312326	-0.0332351720811579	0.0670868165360077	-0.260296831721122	0.1317601854508	0.177249997975739	0.14251905104903	-0.201080263691541
mTOR	-0.260296831721122	0.0405163835860672	0.0954061144374512	-0.320076906530802	0.402036959308954	-0.320076906530802	0.1317601854508	0.0252909425210309	-0.185679761465175	-0.0104645688713167	0.0702471064397262	-0.0842590919538148	-0.25572066422634	0.198813469365243	0.0305957994727998	-0.185679761465175	-0.320076906530802	-0.25572066422634	0.137965241303008	0.168181342575356	0.0670868165360077	-1.19246761337933	0.177249997975739	-0.13610986636234	-0.409998239312326	0.168181342575356	0.472627409496306	-0.0345233988200948	0.168181342575356	0.236704722941788
IRS-1	-0.302637649620018	-0.583825894782005	0.0443151411965641	0.142689608356317	0.472627409496306	-0.578678717018728	0.388019224886997	0.0954061144374512	-0.102271485435891	-0.13610986636234	-0.201080263691541	0.0405163835860672	-0.10570788552973	0.0305957994727998	-0.0848657384232398	-1.19246761337933	0.0135283498250168	0.0670868165360077	-0.302637649620018	0.0702471064397262	-0.409998239312326	-0.251197870046358	0.31209584130944	-0.0104645688713167	-0.0103519666809433	0.388019224886997	-0.25572066422634	0.388019224886997	-0.201080263691541	0.198813469365243
PDGFRA	0.0871593129411415	0.243562205325601	0.0871593129411415	0.0702471064397262	-0.0104645688713167	0.522830078515963	0.168181342575356	-0.541509885241096	0.142689608356317	-0.0566688946702022	-0.260296831721122	0.131664208948702	-0.0104645688713167	-0.0332351720811579	-0.0345233988200948	0.388019224886997	-0.10570788552973	0.0493164042244596	-0.578678717018728	-0.0103519666809433	0.131664208948702	-0.102271485435891	-1.75893088112329	0.0518316306153811	-0.0566688946702022	-0.0104645688713167	-0.0848657384232398	0.120828861365597	-0.0566688946702022	0.522830078515963
IGF-1R-beta/Insulin Receptor beta (phospho-Tyr1135,Tyr1136/Tyr1150,Tyr1151)	0.224677336792846	0.134372476384746	0.219165663678322	0.522830078515963	0.0702471064397262	-1.19246761337933	0.11154478607304	0.137921520754906	-0.0345233988200948	0.0443151411965641	0.0283220849388225	0.159008620607543	-0.0345233988200948	-0.578678717018728	0.159008620607543	0.130466309488558	-0.0104645688713167	-0.0842590919538148	0.177249997975739	0.137965241303008	-0.185679761465175	-0.0842590919538148	0.142689608356317	0.142689608356317	-0.25572066422634	0.130466309488558	-0.320076906530802	-0.578678717018728	0.159008620607543	-0.357538970068876
PDGFR (phospho-Tyr1021)	-0.0103519666809433	0.0665961133080345	-0.25572066422634	-0.0103519666809433	0.0493164042244596	0.176746790308292	0.257544731819623	-0.13610986636234	0.31209584130944	-0.0848657384232398	-0.583825894782005	-0.518002510416586	-0.409998239312326	0.243562205325601	0.236704722941788	-0.201080263691541	-0.0848657384232398	0.388019224886997	0.142689608356317	0.176746790308292	0.224677336792846	-0.0848657384232398	-0.302637649620018	-0.541509885241096	0.134372476384746	0.177249997975739	0.0665961133080345	-0.518002510416586	-1.75893088112329	0.0665961133080345
Akt (phospho-Thr308)	0.0702471064397262	-0.00860071344769851	-0.313991582446688	-0.357538970068876	0.0670868165360077	-0.10570788552973	0.0305957994727998	-0.251197870046358	-0.0566688946702022	-0.357538970068876	-0.409998239312326	-0.260296831721122	-1.19246761337933	0.0665961133080345	0.134372476384746	0.0493164042244596	0.159008620607543	0.472627409496306	0.243562205325601	0.14251905104903	0.1317601854508	0.0283220849388225	0.11154478607304	-0.0566688946702022	-0.518002510416586	-0.357538970068876	0.224677336792846	-0.583825894782005	0.522830078515963	0.0443151411965641
Aurora A (phospho-Thr288)	0.120864731954349	0.0143062354312865	0.292010838730781	0.384775259898907	0.453252379631276	0.16063241193516	0.425695816447323	-0.226753423453118	0.290425189202837	-0.136382466235802	0.245707550685745	0.0510793161090725	0.00556032902171274	-0.141342150797998	-0.105672014940978	0.089645456432126	-0.0835451909166059	-0.231451907542932	0.127363852224853	-0.577061719869497	-1.32261602923989	-0.462044792119204	0.0942021776642225	0.29084278847364	0.0312200536050295	-0.346008253179566	0.175243865419273	-0.412716455449684	0.358485825604588	0.0228354156335693
Bax	0.251161999457606	0.280205327905869	0.317263677760746	-0.0345699312053337	-0.0307097559241842	0.600443480822584	6.17840370639999e-05	-0.0470717580930207	-0.203019710975315	0.221438538396088	0.509717956641275	-0.0395186949395029	-0.250865765411199	-0.306863556873782	-0.0283579555275741	0.692993907715122	0.0760287014977889	0.225366583458818	-0.232404366217939	-0.0510793161090725	0.130076674683058	-0.0651122079925983	-0.132966909261408	-0.0585889991750481	0.351738001892129	0.070173694831042	-0.0103444843894129	0.025235605772544	0.180856546957217	-0.20997061979233
Bcl-2	-0.118163795077257	0.156194734495979	0.328065615118301	-0.100450280970989	0.131724314862048	0.136992469886458	0.147865591696789	-1.28084100853348	0.158972750018791	0.0718614132047416	0.0142185394593025	-0.434656441424556	-0.105123930216273	0.224176727262018	0.153151274634201	-0.0186920707619058	0.488559356732768	0.0718614132047416	-0.0840165834576005	0.298545470575	0.287220596859492	0.190819184067873	0.408676463375454	-0.65508542030652	-0.499077016029476	0.383143666842802	-0.0816114922054583	0.200635229034469	0.0517957600266295	0.0933458757022009
c-Myc	-0.611976773672745	0.263520455778085	0.191835208396076	-0.231043851345702	-0.320112777119554	0.135698593924216	0.0379305033674662	0.043386790296654	0.177214127386987	0.183515569628843	0.160872737962242	0.28743763919721	0.204419144999812	0.261812624809263	0.194947148649178	-0.298212025747086	0.277286922154062	0.0549492067033263	-0.197204406819663	-0.355014974062927	-0.289484036887706	-0.148226320926676	0.320071346845008	-0.0307431419384478	-0.315106100857256	0.0413398430693642	0.0227687858769416	0.140854255938692	-0.583861765370757	-0.183142936865188
CDK1 (p34cdc2) (phospho-Tyr15)	-0.198813469365243	0.102271485435891	0.583825894782005	0.583825894782005	0.0332351720811579	-0.0954061144374512	0.302637649620018	0.0842590919538148	-0.120828861365597	0.102271485435891	-0.0135283498250168	-0.0283220849388225	-0.0518316306153811	0.409998239312326	0.304863530018099	-0.168181342575356	-0.137965241303008	-0.219165663678322	0.260296831721122	-0.198813469365243	-0.0327545200269945	-0.236704722941788	0.0345233988200948	-0.31209584130944	1.75893088112329	-0.159008620607543	-0.120828861365597	-0.0283220849388225	-0.130466309488558	-0.402036959308954
Chk2 (phospho-Thr68)	0	0	0	0	0	0	0	0	0	0	0	0	0	0	0	0	0	0	0	0	0	0	0	0	0	0	0	0	0	0
Cyclin E_NB	0.0954061144374512	-0.409998239312326	0.14251905104903	-0.541509885241096	0.0871593129411415	7.17411775032562e-05	0.0954061144374512	0.134372476384746	0.0283220849388225	0.0283220849388225	0.257544731819623	0.224677336792846	0.402036959308954	0.257544731819623	-0.518002510416586	0.0670868165360077	-0.518002510416586	0.142689608356317	0.159008620607543	-0.357538970068876	0.0665961133080345	0.137921520754906	-0.251197870046358	0.137965241303008	0.224677336792846	0.31209584130944	0.0443151411965641	-0.13610986636234	0.120828861365597	-0.320076906530802
E-Cadherin	-0.31209584130944	-0.0940283114014566	0.0566688946702022	-0.11154478607304	-0.0135283498250168	0.541509885241096	-0.137921520754906	-0.131664208948702	-0.137921520754906	0.320076906530802	0.109966530498798	-0.388019224886997	0.320076906530802	0.583825894782005	1.19246761337933	0.0103519666809433	-0.142689608356317	-0.0940283114014566	-0.0940283114014566	-0.402036959308954	0.251197870046358	0.0104645688713167	-0.168181342575356	-0.472627409496306	0.578678717018728	0.102271485435891	0.541509885241096	-0.176746790308292	0.0842590919538148	0.583825894782005
p44/42 MAPK (Erk1/2) (phospho-Thr202/Thr185,Tyr204/Tyr187))	0.142689608356317	-1.19246761337933	-0.218336025866234	0.0405163835860672	-0.00860071344769851	0.137921520754906	0.176746790308292	0.168181342575356	0.472627409496306	0.0518316306153811	0.0518316306153811	-0.357538970068876	0.0871593129411415	0.0702471064397262	-0.0566688946702022	-0.00860071344769851	-0.541509885241096	0.0135283498250168	7.17411775032562e-05	0.219165663678322	-0.0103519666809433	-0.518002510416586	7.17411775032562e-05	-1.19246761337933	0.219165663678322	0.0493164042244596	0.236704722941788	0.134372476384746	-0.357538970068876	0.0305957994727998
IkB-alpha (phospho-Ser32)	-0.00860071344769851	-0.218336025866234	-0.357538970068876	0.1317601854508	0.0940283114014566	0.198813469365243	0.137965241303008	0.11154478607304	0.0670868165360077	0.31209584130944	0.0940283114014566	0.14251905104903	-0.201080263691541	-0.357538970068876	0.0954061144374512	0.0327545200269945	0.243562205325601	-0.0345233988200948	-0.583825894782005	0.1317601854508	-0.218336025866234	0.134372476384746	-0.102271485435891	-0.109966530498798	-0.00860071344769851	-0.25572066422634	-0.00860071344769851	-0.185679761465175	0.0405163835860672	0.1317601854508
IRAK1	-0.0566688946702022	0.402036959308954	0.120828861365597	0.243562205325601	-0.13610986636234	0.11154478607304	0.0283220849388225	-0.313991582446688	-0.578678717018728	-0.313991582446688	-0.218336025866234	0.243562205325601	-0.102271485435891	-0.00860071344769851	0.137921520754906	0.472627409496306	-0.13610986636234	0.257544731819623	-0.0332351720811579	-0.25572066422634	0.0252909425210309	0.31209584130944	-0.583825894782005	0.224677336792846	0.177249997975739	0.0871593129411415	0.0135283498250168	0.522830078515963	-0.0103519666809433	-0.541509885241096
p53	0.409998239312326	0.0848657384232398	-0.0665961133080345	-0.0665961133080345	0.0566688946702022	0.260296831721122	0.0848657384232398	1.75893088112329	-0.0135283498250168	-0.14251905104903	-0.388019224886997	-0.257544731819623	-0.120828861365597	0.201080263691541	-0.142689608356317	0.25572066422634	-7.17411775032562e-05	0.0104645688713167	-0.0702471064397262	-0.388019224886997	0.518002510416586	-0.198813469365243	-0.134372476384746	-0.0954061144374512	-0.130466309488558	0.302637649620018	1.75893088112329	0.0842590919538148	-0.31209584130944	0.0848657384232398
N-Cadherin	-1.19246761337933	0.11154478607304	0.0702471064397262	0.159008620607543	0.31209584130944	0.137965241303008	-0.313991582446688	-0.0848657384232398	-0.518002510416586	-0.302637649620018	-0.13610986636234	0.11154478607304	0.257544731819623	0.388019224886997	0.243562205325601	0.0252909425210309	-0.260296831721122	-0.185679761465175	-0.251197870046358	0.159008620607543	-0.320076906530802	-0.25572066422634	-0.00860071344769851	-0.409998239312326	0.0493164042244596	-0.00860071344769851	0.31209584130944	0.0252909425210309	0.0443151411965641	7.17411775032562e-05
NFkB p65 (phospho-Ser536)	0.0305957994727998	0.14251905104903	7.17411775032562e-05	-0.251197870046358	0.0954061144374512	0.388019224886997	-0.25572066422634	-0.218336025866234	0.0327545200269945	0.137921520754906	0.224677336792846	0.142689608356317	0.0702471064397262	-0.0566688946702022	0.131664208948702	-0.10570788552973	0.130466309488558	-0.357538970068876	-0.109966530498798	-0.304863530018099	-0.0848657384232398	0.219165663678322	0.130466309488558	-0.00860071344769851	7.17411775032562e-05	-0.10570788552973	7.17411775032562e-05	0.130466309488558	0.1317601854508	-1.75893088112329
P-Cadherin	0.219165663678322	0.0135283498250168	0.0670868165360077	-0.313991582446688	0.14251905104903	0.0940283114014566	-0.409998239312326	0.0443151411965641	-0.357538970068876	0.142689608356317	0.198813469365243	0.134372476384746	0.134372476384746	0.0871593129411415	-0.578678717018728	0.137965241303008	-0.302637649620018	-0.541509885241096	0.176746790308292	-0.0566688946702022	0.11154478607304	7.17411775032562e-05	0.14251905104903	0.0871593129411415	-0.0345233988200948	-0.0848657384232398	0.0327545200269945	0.11154478607304	0.0665961133080345	-0.10570788552973
Src (family) (phospho-Tyr416)	-0.304863530018099	0.0871593129411415	-0.260296831721122	-0.260296831721122	0.137921520754906	0.219165663678322	0.31209584130944	0.0493164042244596	-0.320076906530802	0.522830078515963	-0.0332351720811579	-0.201080263691541	-0.251197870046358	-0.0345233988200948	0.0443151411965641	0.0871593129411415	0.0252909425210309	0.131664208948702	0.130466309488558	0.120828861365597	0.137921520754906	0.0665961133080345	0.0518316306153811	0.177249997975739	-0.0842590919538148	0.0954061144374512	0.11154478607304	0.142689608356317	-0.320076906530802	0.177249997975739
Survivin	0	0	0	0	0	0	0	0	0	0	0	0	0	0	0	0	0	0	0	0	0	0	0	0	0	0	0	0	0	0
EGFR (phospho-Tyr1068)	-0.0104286982825651	0.0917450186482375	0.313246669873363	-0.127228229908845	0.176777940817319	0.226944619285022	0.19055391078316	-0.545135308750724	-0.242732056922173	-0.102573600045192	0.21165036873377	0.1835109652208	0.233326706147733	-0.523234794852244	0.142554921637782	-0.650677898174213	-0.162383730933265	0.0782730323069262	0.307795484585591	0.13842838386121	0.012370635188469	0.215809414064257	0.285045756403722	-0.0515676817692226	0.157004599973853	-0.275811008684347	0.242393125835814	0.086566414102257	0.299031100638539	-0.138831715562462
IGF-1R (phospho-Tyr1162,Tyr1163)	-0.357538970068876	0.236704722941788	-0.541509885241096	-0.185679761465175	0.168181342575356	0.0518316306153811	-0.00860071344769851	7.17411775032562e-05	0.522830078515963	-0.201080263691541	-0.320076906530802	-0.218336025866234	0.0327545200269945	0.0670868165360077	-0.185679761465175	-0.0842590919538148	-1.19246761337933	0.0518316306153811	0.134372476384746	-0.251197870046358	-1.75893088112329	0.0518316306153811	0.0871593129411415	-0.0345233988200948	0.137965241303008	-0.0345233988200948	-0.251197870046358	-0.0332351720811579	0.137921520754906	0.0493164042244596
PLK1	-0.218336025866234	7.17411775032562e-05	0.0135283498250168	0.131664208948702	-0.0848657384232398	0.0135283498250168	-0.0345233988200948	-0.304863530018099	-0.304863530018099	0.257544731819623	-0.25572066422634	0.0871593129411415	-0.185679761465175	0.176746790308292	0.0871593129411415	0.224677336792846	-0.102271485435891	0.11154478607304	-0.320076906530802	-0.302637649620018	0.168181342575356	-0.302637649620018	0.0702471064397262	0.0702471064397262	0.142689608356317	-0.0332351720811579	0.219165663678322	0.0871593129411415	-0.0332351720811579	-0.109966530498798
Total AMPK ALPHA	0.0665961133080345	-0.251197870046358	-0.302637649620018	0.257544731819623	7.17411775032562e-05	-0.0104645688713167	-0.0103519666809433	0.176746790308292	7.17411775032562e-05	0.0305957994727998	0.0327545200269945	0.0493164042244596	0.0405163835860672	-0.260296831721122	-0.25572066422634	0.0940283114014566	-0.201080263691541	0.0305957994727998	0.224677336792846	-0.109966530498798	-0.13610986636234	-0.10570788552973	-0.541509885241096	0.14251905104903	-0.0848657384232398	-0.251197870046358	0.14251905104903	-0.302637649620018	7.17411775032562e-05	-0.13610986636234
RSK1/RSK2/RSK3	-0.114916956696406	-0.402616581434558	0.108289237598286	0.726700116178223	0.278987391828421	-0.0017313535901205	0.13162723117287	0.26017979136618	0.35472116823298	0.203196324334574	0.0330527050400306	0.143951941321722	-0.498873142461598	-0.027659910655804	-0.247654384370619	-0.151587533552052	-0.349115135666551	0.189001665723062	-0.118353356790245	-0.566168087353326	0.093775465863264	-0.548274060153604	-0.393495892750459	-0.371700012538287	0.0105969494287124	0.00128634606227321	0.384745472946815	0.949712547001371	-1.24824000641585	0.480859105619585
Bid	0.201080263691541	-0.0518316306153811	1.19246761337933	-0.120828861365597	0.357538970068876	0.218336025866234	-0.0871593129411415	0.00860071344769851	0.13610986636234	-0.0702471064397262	-0.0954061144374512	-0.168181342575356	-0.472627409496306	0.25572066422634	-0.137965241303008	0.109966530498798	0.185679761465175	0.102271485435891	0.0842590919538148	-0.224677336792846	0.0104645688713167	-0.0702471064397262	-0.0443151411965641	0.313991582446688	-0.0283220849388225	-0.0252909425210309	0.109966530498798	0.320076906530802	-0.0954061144374512	-0.137921520754906
Bim	-0.0135283498250168	0.518002510416586	-0.130466309488558	-0.0954061144374512	0.25572066422634	0.13610986636234	0.0842590919538148	-0.388019224886997	0.583825894782005	-0.137965241303008	0.302637649620018	-0.120828861365597	0.0842590919538148	-0.219165663678322	-0.402036959308954	-0.1317601854508	-0.0670868165360077	0.583825894782005	0.0566688946702022	-0.0665961133080345	-0.0305957994727998	-0.0305957994727998	-0.0940283114014566	0.320076906530802	0.320076906530802	-0.522830078515963	-0.177249997975739	-0.0327545200269945	0.0848657384232398	-0.0135283498250168
Cyclin D1	0.131796056039552	0.0141936332409131	0.286705981779012	0.125257351638983	-0.120446606720896	-0.321481116058678	-0.050179390391881	-0.323995561800872	0.0965504680455459	-0.854580837402553	-0.036747125152277	-0.24443369513385	0.536991120985374	0.0352840991504089	0.0327903906157461	0.022496196015585	-0.138212298794113	0.0553898269067116	0.214865306954473	0.0585958055278895	-0.0361201044591044	0.346458439455646	0.242626883033692	0.100384873190025	0.422289946670192	-0.090525889144121	0.113826762910297	0.041817678141899	0.135309452487817	0.217469551606779
Prohibitin	0	0	0	0	0	0	0	0	0	0	0	0	0	0	0	0	0	0	0	0	0	0	0	0	0	0	0	0	0	0
