ID1	changeInclude	change	FDRp
EGFR.R.V_GBL1033837	12.287406202423	12.287406202423	0.000138513183016681
MEK1.R.V_GBL1033802	8.34262818736006	8.34262818736006	0.000914437055236325
CD49b.M.V_GBL1033902	7.10216170185486	7.10216170185486	0.0214807092770535
Src_pY527.R.V_GBL1033726	7.03632779084487	7.03632779084487	0.0959145071648831
Akt.R.V_GBL1033833	6.12437478302047	6.12437478302047	0.0475018394418505
GSK.3ab.M.V_GBL1033941	5.57625781848519	5.57625781848519	0.111551134609259
p38.R.V_GBL1033807	5.4255688852095	5.4255688852095	0.0546285901675683
Heregulin.R.V_GBL1033776	4.95587810557164	4.95587810557164	0.210048321635482
Gys.R.V_GBL1033818	4.69996636335049	4.69996636335049	0.0661330258379497
PDK1.R.V_GBL1033813	4.46667867297939	4.46667867297939	0.077121338450821
Transglutaminase.M.V_GBL1033901	0	4.15916246477691	0.146017817218371
Fibronectin.R.V_GBL1033958	0	3.91522587937375	0.25558951167957
Mcl.1.R.V_GBL1033861	0	3.88248549475492	0.366239072735195
PDGFR.beta.R.V_GBL1033862	0	3.76624123154679	0.366239072735195
eEF2.R.C_GBL1033822	0	3.69087262481102	0.171501426544518
p38.alpha.M.V_GBL1033908	0	3.53163889624426	0.25558951167957
JNK2.R.C_GBL1033799	0	3.31694318188761	0.281741704785516
MSH6.R.C_GBL1033824	0	3.21189435618588	0.221567639139329
Merlin.R.C_GBL1033821	0	3.20319729634877	0.259805885528494
ADAR1.M.V_GBL1033909	0	2.92950899940497	0.287489635250136
c.Jun_pS73.R.V_GBL1033689	0	2.83752161479377	0.546779477047308
p70.S6K_pT389.R.V_GBL1033811	0	2.69010508956665	0.678812058279847
INPP4b.R.V_GBL1033826	0	2.66097818472543	0.392543994768728
Cox2.R.C_GBL1033859	0	2.48213511708687	0.742773005862878
Caveolin.1.R.V_GBL1033687	0	2.4764102637857	0.580949640781708
PR.R.V_GBL1033720	0	2.36700801749102	0.472991369631112
Ets.1.R.V_GBL1033886	0	2.36068701989121	0.617577456503403
Bak.R.C_GBL1033678	0	2.31615222229967	0.472292070276484
Cox.IV.M.C_GBL1033935	0	2.28025223140144	0.477218539422999
p53.R.C_GBL1033956	0	2.20966133104873	0.69811583785576
PARP.cleaved.M.QC_GBL1033892	0	2.13916058321135	0.678812058279847
p70.S6K1.R.V_GBL1033810	0	2.10593180070532	0.574619414180174
Snail.M.QC_GBL1033897	0	2.01935330299481	0.707094294093248
PCNA.M.C_GBL1033893	0	1.97625208671614	0.724194785419045
ATP5H.M.C_GBL1033913	0	1.95033394336762	0.724194785419045
CDK1.R.V_GBL1033788	0	1.93966470185469	0.742773005862878
GPBB.R.V_GBL1033868	0	1.90531292098559	0.578756131808549
PKC.alpha_pS657.R.C_GBL1033816	0	1.86887695702903	0.747930690804096
X4E.BP1.R.V_GBL1033914	0	1.86017999374206	0.644812926316396
IGFBP2.R.V_GBL1033922	0	1.84808213101275	0.644812926316396
Rad50.M.V_GBL1033904	0	1.84670114612113	0.678812058279847
FoxO3a.R.C_GBL1033838	0	1.8248810806377	0.748888723676334
Myosin.11.R.V_GBL1033848	0	1.82241154227251	0.678323873830393
Dvl3.R.V_GBL1033785	0	1.67265326686503	0.678812058279847
Lck.R.V_GBL1033800	0	1.60972400631838	0.770886410568011
Collagen.VI.R.V_GBL1033877	0	1.58490769717175	0.730380004985905
N.Cadherin.R.V_GBL1033805	0	1.37588704726558	0.742773005862878
Rictor_pT1135.R.V_GBL1033845	0	1.30352818323146	0.873661246417588
NF.kB.p65_pS536.R.C_GBL1033806	0	1.28627577049745	0.816690223119654
c.Met.M.QC_GBL1033899	0	1.24539422156434	0.879107292057885
DJ1.R.V_GBL1033777	0	1.21374786521731	0.816690223119654
PMS2.R.V_GBL1033867	0	1.17310537273718	0.826288235593291
p21.R.V_GBL1033880	0	1.14418377633711	0.929963311523043
GATA3.M.V_GBL1033951	0	1.08754326330962	0.879107292057885
PDK1_pS241.R.V_GBL1033814	0	1.06248108807639	0.879107292057885
JAB1.M.C_GBL1033943	0	1.02071302070828	0.816690223119654
BAP1.M.V_GBL1033930	0	0.99683471261805	0.875967957363591
Notch1.R.V_GBL1033825	0	0.99217052466818	0.879107292057885
PKC.alpha.M.V_GBL1033894	0	0.949587040178053	0.879107292057885
Stat5a.R.V_GBL1033728	0	0.928182023862895	0.873661246417588
X53BP1.R.V_GBL1033787	0	0.866234286140369	0.879107292057885
PEA.15_pS116.R.V_GBL1033790	0	0.866233203285083	0.879107292057885
Chk1_pS345.R.C_GBL1033780	0	0.862713089728197	0.879107292057885
Rad51.R.V_GBL1033870	0	0.856287195924123	0.879107292057885
PI3K.p85.R.V_GBL1033815	0	0.843580916836038	0.885353995147927
Bax.R.V_GBL1033679	0	0.842083024919171	0.917249852171249
VEGFR.2.R.V_GBL1033731	0	0.789310699856913	0.879107292057885
MEK2.R.V_GBL1033866	0	0.733243502137728	0.879107292057885
PAI.1.M.V_GBL1033891	0	0.726856635774009	0.879107292057885
Rictor.R.C_GBL1033844	0	0.600754092001038	0.879107292057885
N.Ras.M.V_GBL1033944	0	0.543960617749532	0.96672102481343
SCD.M.V_GBL1033945	0	0.516282437491661	0.949546568160717
E2F1.M.V_GBL1033938	0	0.454278945214103	0.96672102481343
Bcl2.M.V_GBL1033931	0	0.432290352861116	0.96672102481343
X4E.BP1_pS65.R.V_GBL1033671	0	0.39963386630945	0.96672102481343
CD29.M.V_GBL1033911	0	0.279564373639331	0.970594703817378
RSK.R.C_GBL1033739	0	0.242956304692396	0.99285355684316
TSC1.R.C_GBL1033841	0	0.161429304575073	0.989165653307625
eEF2K.R.V_GBL1033823	0	0.146891208168298	0.997677184632657
FoxO3a_pS318_S321.R.C_GBL1033796	0	0.073180142621855	1
SF2.M.V_GBL1033906	0	0.071938238242528	0.997677184632657
HER2.M.V_GBL1033942	0	0.00456531070231025	1
ACVRL1.R.C_GBL1033834	0	0	NA
Beclin.G.C_GBL1033953	0	0	NA
Complex.II.Subunit.M.V_GBL1033934	0	0	NA
GAPDH.M.C_GBL1033890	0	0	NA
Smad1.R.V_GBL1033782	0	0	NA
Smad3.R.V_GBL1033743	0	0	NA
Smad4.M.V_GBL1033947	0	0	NA
TIGAR.R.V_GBL1033836	0	0	NA
UBAC1.R.V_GBL1033872	0	0	NA
UQCRC2.M.C_GBL1033949	0	0	NA
G6PD.M.V_GBL1033940	0	-0.0197138834657639	1
ATM_pS1981.R.V_GBL1033875	0	-0.0703752221204769	1
eIF4G.R.C_GBL1033840	0	-0.124070388433675	1
HER2_pY1248.R.C_GBL1033827	0	-0.125696704300126	1
PTEN.R.V_GBL1033722	0	-0.273494640073738	0.96672102481343
AMPK.alpha_pT172.R.V_GBL1033676	0	-0.278221212944358	0.989165653307625
A.Raf.R.V_GBL1033858	0	-0.280994293301087	0.96672102481343
Gab2.R.V_GBL1033786	0	-0.308016685566295	0.96672102481343
Caspase.7.cleaved.R.C_GBL1033686	0	-0.316737135623167	0.964958963325008
Cyclophilin.F.M.V_GBL1033937	0	-0.327903460731851	0.96672102481343
X14.3.3.epsilon.M.C_GBL1033928	0	-0.333696694943771	0.96672102481343
Paxillin.R.C_GBL1033812	0	-0.334375178489588	0.989165653307625
Myosin.IIa_pS1943.R.V_GBL1033853	0	-0.360721647605381	0.976880892701971
Chk2_pT68.R.C_GBL1033688	0	-0.363383240489074	0.96672102481343
Chk2.M.V_GBL1033889	0	-0.528688274606752	0.957880500397708
MEK1_pS217_S221.R.V_GBL1033828	0	-0.564629644788213	0.96672102481343
mTOR.R.V_GBL1033803	0	-0.630279016315112	0.907127323278187
c.Kit.R.V_GBL1033690	0	-0.686764739601522	0.879107292057885
TAZ.R.V_GBL1033741	0	-0.689976350587717	0.889557629816444
Chk1.M.C_GBL1033910	0	-0.726212665225827	0.894828437750142
NDRG1_pT346.R.V_GBL1033842	0	-0.733316526664709	0.879107292057885
MDM2_pS166.R.V_GBL1033854	0	-0.735988578904713	0.929963311523043
Rab11.R.E_GBL1033832	0	-0.741912888752679	0.879107292057885
TWIST.M.C_GBL1033888	0	-0.760183774811245	0.894108121796922
FASN.R.V_GBL1033852	0	-0.794882143818764	0.879107292057885
C.Raf.R.V_GBL1033856	0	-0.817948513641894	0.879107292057885
ERCC1.M.V_GBL1033939	0	-0.907854195449316	0.879107292057885
CD31.M.V_GBL1033933	0	-0.933243668780542	0.873661246417588
b.Catenin.R.V_GBL1033680	0	-0.949542926181671	0.873661246417588
FAK.R.E_GBL1033864	0	-0.951477260813802	0.879107292057885
MIG6.M.V_GBL1033905	0	-0.955096571887607	0.873661246417588
p38_pT180_Y182.R.V_GBL1033808	0	-0.99372470905349	0.879107292057885
Pdcd.1L1.G.C_GBL1033925	0	-1.06135876541377	0.873661246417588
PEA.15.R.V_GBL1033789	0	-1.09533551832906	0.873495632112396
p27.Kip.1.R.V_GBL1033778	0	-1.18636271915957	0.879107292057885
Tuberin_pT1462.R.V_GBL1033730	0	-1.22197186947677	0.879107292057885
TTF1.R.V_GBL1033830	0	-1.27778357436942	0.812895800040073
RBM15.R.V_GBL1033847	0	-1.28487254697943	0.742773005862878
Histone.H3.R.V_GBL1033869	0	-1.29757366414731	0.879107292057885
ATR.R.C_GBL1033779	0	-1.59608163968747	0.812729450313677
XRCC1.R.C_GBL1033781	0	-1.67334822065148	0.747930690804096
p27_pT157.R.C_GBL1033772	0	-1.7483136853351	0.795537392115301
YB1_pS102.R.V_GBL1033771	0	-1.77427880335569	0.742773005862878
Claudin.7.R.V_GBL1033773	0	-1.79211530558027	0.632655786786209
Src.M.V_GBL1033898	0	-1.79871704845544	0.684791456699534
Pdcd4.R.C_GBL1033770	0	-1.83167550112647	0.730380004985905
PRAS40_pT246.R.V_GBL1033737	0	-1.84651644070965	0.762900368396705
p16INK4a.R.V_GBL1033865	0	-1.85571277480202	0.785930032617044
HIAP.R.C_GBL1033783	0	-1.87744262397244	0.678323873830393
SETD2.R.QC_GBL1033820	0	-1.90706766717709	0.678323873830393
UGT1A.M.V_GBL1033950	0	-1.9389916317943	0.62933906391904
mTOR_pS2448.R.C_GBL1033804	0	-1.95586562515555	0.766607103786852
Cyclin.B1.R.V_GBL1033693	0	-2.07807082302533	0.730380004985905
PKC.delta_pS664.R.V_GBL1033784	0	-2.14821828624036	0.69811583785576
E.Cadherin.R.V_GBL1033835	0	-2.1640006810599	0.678323873830393
p27_pT198.R.V_GBL1033774	0	-2.16957370193251	0.724194785419045
X14.3.3.beta.R.V_GBL1033882	0	-2.2263659674294	0.580949640781708
Bid.R.C_GBL1033683	0	-2.22815703028582	0.62933906391904
BRCA2.R.C_GBL1033740	0	-2.23922282043068	0.589585893636175
ATM.R.V_GBL1033874	0	-2.2991673173657	0.678812058279847
PARP1.R.V_GBL1033887	0	-2.3034173562799	0.477218539422999
Smac.M.QC_GBL1033896	0	-2.31057309949104	0.632655786786209
ACC_pS79.R.V_GBL1033673	0	-2.35931177802367	0.589585893636175
C.Raf_pS338.R.V_GBL1033691	0	-2.38311680885701	0.766450791906589
Annexin.VII.M.V_GBL1033907	0	-2.41646364373902	0.512273987268512
ACC1.R.E_GBL1033674	0	-2.43386599472244	0.678812058279847
EGFR_pY1068.R.C_GBL1033694	0	-2.46018095479576	0.742773005862878
NAPSIN.A.R.C_GBL1033873	0	-2.51600669781525	0.392543994768728
GCN5L2.R.V_GBL1033871	0	-2.72777476404024	0.369795537907454
EGFR_pY1173.R.V_GBL1033695	0	-2.84028731271484	0.717370590677366
YAP.R.E_GBL1033881	0	-2.85613412807411	0.366239072735195
X4E.BP1_pT37_T46.R.V_GBL1033672	0	-2.87900057887069	0.351009354052167
HER3.R.V_GBL1033884	0	-2.88916327847417	0.366239072735195
Syk.M.V_GBL1033948	0	-2.89676606279208	0.287489635250136
Rab25.R.V_GBL1033850	0	-2.89701571324268	0.323494000829212
YAP_pS127.R.E_GBL1033742	0	-2.96828173505839	0.496694450149503
PREX1.R.V_GBL1033857	0	-2.97510674017877	0.312917918452525
B.Raf.M.C_GBL1033932	0	-3.33987609842748	0.603631875849707
eIF4E.R.V_GBL1033734	0	-3.340289916699	0.580949640781708
X14.3.3.zeta.R.V_GBL1033883	0	-3.42050849440205	0.30921746947291
Caspase.8.M.QC_GBL1033903	0	-3.57108319366837	0.242989828856417
TFRC.R.V_GBL1033849	0	-3.57247868738379	0.294997790802214
GSK.3b_pS9.R.V_GBL1033831	0	-3.59079772963292	0.580949640781708
Bim.R.V_GBL1033684	0	-3.63023915871018	0.407599131466406
IGF1R.beta.R.V_GBL1033860	0	-3.6370137777493	0.242989828856417
Gys_pS641.R.V_GBL1033819	0	-3.98644387459494	0.124692602967878
Tuberin.R.V_GBL1033729	0	-4.17495906747271	0.183333558656396
Rb.M.QC_GBL1033895	0	-4.1938313442846	0.21401834843289
S6_pS240_S244.R.V_GBL1033724	0	-4.3649877731642	0.202604988216929
c.Met_pY1234_Y1235.R.V_GBL1033735	0	-4.4766013939347	0.30921746947291
PKC.beta.II_pS660.R.V_GBL1033846	0	-4.55252527910873	0.242989828856417
Porin.M.V_GBL1033946	0	-4.61629375247957	0.0659642088954793
YB1.R.V_GBL1033732	0	-4.73660638033225	0.0849587316867869
PI3K.p110.alpha.R.C_GBL1033769	0	-4.76510212862837	0.0614958647210913
Raptor.R.V_GBL1033843	0	-4.76765087836012	0.0614958647210913
HER3_pY1289.R.C_GBL1033736	0	-4.99776048334349	0.115187633665837
B.Raf_pS445.R.V_GBL1033685	0	-5.07705716322926	0.281741704785516
Cyclin.E1.M.V_GBL1033936	0	-5.15191815873891	0.0907612399140952
Tyro3.R.V_GBL1033829	0	-5.22468011097242	0.0969856743462833
ARHI.M.C_GBL1033929	0	-5.25651037018971	0.0475018394418505
AMPK.alpha.R.C_GBL1033675	0	-5.48063749592985	0.077121338450821
S6_pS235_S236.R.V_GBL1033723	0	-5.55310482338133	0.0907612399140952
c.Myc.R.C_GBL1033885	0	-5.66903237119363	0.429566146800658
ER.alpha.R.V_GBL1033879	0	-5.68867680140807	0.0907612399140952
Annexin.I.M.V_GBL1033912	0	-5.69798908112636	0.0475018394418505
GSK.3ab_pS21_S9.R.V_GBL1033797	0	-5.73567606617224	0.239730696048841
Cyclin.D1.R.V_GBL1033878	0	-5.73923229737809	0.281741704785516
AR.R.V_GBL1033738	0	-5.92791974032134	0.0168036661333979
FoxM1.R.V_GBL1033839	0	-6.40989678357687	0.024185393295743
JNK_pT183_Y185.R.V_GBL1033775	0	-6.6467903879955	0.0886508214418065
ER.alpha_pS118.R.V_GBL1033794	0	-6.86909213301323	0.0907612399140952
Shc_pY317.R.V_GBL1033791	0	-7.06202282376988	0.114394875880407
FAK_pY397.R.V_GBL1033863	0	-7.09126371532928	0.114394875880407
b.Catenin_pT41_S45.R.V_GBL1033855	0	-7.40543575029355	0.136203061500459
Rb_pS807_S811.R.V_GBL1033721	0	-7.70721558801	0.0635262466925747
MSH2.M.V_GBL1033900	-7.93811264544338	-7.93811264544338	0.0214508990620436
Bcl.xL.R.V_GBL1033682	-8.43496198932763	-8.43496198932763	0.0907612399140952
Bad_pS112.R.V_GBL1033677	-8.59723742113939	-8.59723742113939	0.0235365103668035
Src_pY416.R.C_GBL1033725	-9.00067906855064	-9.00067906855064	0.0466297839413813
IRS1.R.V_GBL1033768	-9.56856266832897	-9.56856266832897	0.000914437055236325
Stat3_pY705.R.V_GBL1033727	-10.0906089111854	-10.0906089111854	0.0796938868093384
MAPK_pT202_Y204.R.V_GBL1033801	-10.5707646698962	-10.5707646698962	0.0523642538952918
Stathmin.1.R.V_GBL1033733	-10.6976996233177	-10.6976996233177	0.0168036661333979
Akt_pT308.R.V_GBL1033851	-13.0568235983689	-13.0568235983689	0.0410896007019079
Akt_pS473.R.V_GBL1033793	-13.9486906199387	-13.9486906199387	0.0225800021893714
