ID1	changeInclude	change	FDRp
p21.R.V_GBL1033880	9.90460343864073	9.90460343864073	0.278791899190754
RSK.R.C_GBL1033739	6.53283812283817	6.53283812283817	0.269078021758823
FoxO3a_pS318_S321.R.C_GBL1033796	6.16328491089583	6.16328491089583	0.278791899190754
EGFR.R.V_GBL1033837	5.84707208962052	5.84707208962052	0.290626083407437
MEK1.R.V_GBL1033802	5.49584579684449	5.49584579684449	0.269078021758823
PI3K.p85.R.V_GBL1033815	5.22933684771932	5.22933684771932	0.278791899190754
p38.R.V_GBL1033807	5.21454709939785	5.21454709939785	0.276475835488227
SF2.M.V_GBL1033906	4.79633296787667	4.79633296787667	0.306568099061837
PMS2.R.V_GBL1033867	4.50920255583221	4.50920255583221	0.278791899190754
A.Raf.R.V_GBL1033858	4.43154510517449	4.43154510517449	0.278791899190754
Akt.R.V_GBL1033833	0	4.41097833282593	0.332186916883765
GATA3.M.V_GBL1033951	0	3.89946630357696	0.364413596617768
MIG6.M.V_GBL1033905	0	3.87730864866026	0.332186916883765
p38.alpha.M.V_GBL1033908	0	3.83173180418077	0.332186916883765
Src_pY527.R.V_GBL1033726	0	3.83005682812263	0.515815457723885
FASN.R.V_GBL1033852	0	3.77755542245371	0.332186916883765
Fibronectin.R.V_GBL1033958	0	3.77214758167901	0.41204814779502
X53BP1.R.V_GBL1033787	0	3.75773702406566	0.302522421017188
eEF2.R.C_GBL1033822	0	3.69588129886482	0.330655815190092
Myosin.11.R.V_GBL1033848	0	3.60119449762014	0.392553432333008
E.Cadherin.R.V_GBL1033835	0	3.60002406528137	0.407818201877083
MEK2.R.V_GBL1033866	0	3.54111933896459	0.363587706284947
X4E.BP1.R.V_GBL1033914	0	3.42407759892548	0.366394305295822
p53.R.C_GBL1033956	0	3.42089203550479	0.4766191461865
G6PD.M.V_GBL1033940	0	3.30145049525923	0.363587706284947
MSH6.R.C_GBL1033824	0	3.28093306166264	0.363587706284947
TAZ.R.V_GBL1033741	0	3.23409907595351	0.363587706284947
GPBB.R.V_GBL1033868	0	3.01222705751133	0.434952939597756
BAP1.M.V_GBL1033930	0	2.76840153274498	0.434952939597756
CD31.M.V_GBL1033933	0	2.74173857072075	0.469782946616854
Merlin.R.C_GBL1033821	0	2.64460034233784	0.469782946616854
Stat5a.R.V_GBL1033728	0	2.62097431128106	0.495509278409555
Transglutaminase.M.V_GBL1033901	0	2.61001413477999	0.567966552162417
RBM15.R.V_GBL1033847	0	2.45585059136387	0.515815457723885
PAI.1.M.V_GBL1033891	0	2.43077880296839	0.515815457723885
Cyclin.E1.M.V_GBL1033936	0	2.42239517544201	0.675874309735293
CD29.M.V_GBL1033911	0	2.32536190316216	0.542252731154582
Mcl.1.R.V_GBL1033861	0	2.29624089777188	0.7241693484021
Snail.M.QC_GBL1033897	0	2.14494850070927	0.717480818311433
PKC.alpha.M.V_GBL1033894	0	2.10436049317703	0.660079431594723
Bim.R.V_GBL1033684	0	2.05775864376834	0.717480818311433
JNK2.R.C_GBL1033799	0	2.03461545417277	0.675874309735293
FAK.R.E_GBL1033864	0	1.94837157891808	0.675874309735293
HIAP.R.C_GBL1033783	0	1.85458603015732	0.686032689953512
Chk1.M.C_GBL1033910	0	1.84866891817313	0.752444049042236
ACC1.R.E_GBL1033674	0	1.80887136829185	0.795785795363051
Caveolin.1.R.V_GBL1033687	0	1.78334350084278	0.717480818311433
p16INK4a.R.V_GBL1033865	0	1.78099612381147	0.772367643667889
Bcl2.M.V_GBL1033931	0	1.76701802899656	0.814290034805502
Chk2_pT68.R.C_GBL1033688	0	1.73967250210846	0.717480818311433
TTF1.R.V_GBL1033830	0	1.71423672828429	0.675874309735293
SCD.M.V_GBL1033945	0	1.68639322455306	0.717480818311433
JAB1.M.C_GBL1033943	0	1.58986984050484	0.717480818311433
Collagen.VI.R.V_GBL1033877	0	1.5858053136723	0.717480818311433
Rad50.M.V_GBL1033904	0	1.538103135446	0.717480818311433
ATM.R.V_GBL1033874	0	1.43073915276526	0.858055591486173
mTOR.R.V_GBL1033803	0	1.30023450511473	0.795785795363051
IGFBP2.R.V_GBL1033922	0	1.2906936616931	0.772367643667889
DJ1.R.V_GBL1033777	0	1.22317885254088	0.777040776727291
XRCC1.R.C_GBL1033781	0	1.18899649559798	0.87160439565687
GSK.3b_pS9.R.V_GBL1033831	0	1.17882695003073	0.971498750822522
N.Ras.M.V_GBL1033944	0	1.12995347355453	0.914902611885816
C.Raf.R.V_GBL1033856	0	1.12667811101242	0.803327370217549
ATR.R.C_GBL1033779	0	1.06969641743063	0.909519010589489
PDK1.R.V_GBL1033813	0	1.06779452078314	0.795785795363051
Gys.R.V_GBL1033818	0	1.03301232078932	0.814290034805502
Porin.M.V_GBL1033946	0	0.978060375804557	0.803327370217549
c.Met.M.QC_GBL1033899	0	0.966299973630268	0.930058442413759
Rab11.R.E_GBL1033832	0	0.929404490152556	0.884552265288966
CD49b.M.V_GBL1033902	0	0.829242546888669	0.912820376635676
Bak.R.C_GBL1033678	0	0.806864460568842	0.84542714909344
Cox.IV.M.C_GBL1033935	0	0.790313729565189	0.907106974069437
PDGFR.beta.R.V_GBL1033862	0	0.769859450588003	0.937072530295874
INPP4b.R.V_GBL1033826	0	0.609804552405223	0.907106974069437
ATM_pS1981.R.V_GBL1033875	0	0.502310503078944	0.990340046912268
Rad51.R.V_GBL1033870	0	0.319913877150099	0.990340046912268
Chk2.M.V_GBL1033889	0	0.229386732764247	1
p70.S6K1.R.V_GBL1033810	0	0.191471446070964	1
PARP1.R.V_GBL1033887	0	0.157233086330558	1
eEF2K.R.V_GBL1033823	0	0.0465129088022315	1
PKC.alpha_pS657.R.C_GBL1033816	0	0.0383584160903866	1
S6_pS240_S244.R.V_GBL1033724	0	0.033562965133286	1
ACVRL1.R.C_GBL1033834	0	0	NA
Beclin.G.C_GBL1033953	0	0	NA
Complex.II.Subunit.M.V_GBL1033934	0	0	NA
GAPDH.M.C_GBL1033890	0	0	NA
Smad1.R.V_GBL1033782	0	0	NA
Smad3.R.V_GBL1033743	0	0	NA
Smad4.M.V_GBL1033947	0	0	NA
TIGAR.R.V_GBL1033836	0	0	NA
UBAC1.R.V_GBL1033872	0	0	NA
UQCRC2.M.C_GBL1033949	0	0	NA
NDRG1_pT346.R.V_GBL1033842	0	-0.0407822543094083	1
X4E.BP1_pT37_T46.R.V_GBL1033672	0	-0.0892536538957057	1
Lck.R.V_GBL1033800	0	-0.184669349885534	0.990340046912268
PCNA.M.C_GBL1033893	0	-0.223846222258827	1
Rictor_pT1135.R.V_GBL1033845	0	-0.233773577327485	1
TWIST.M.C_GBL1033888	0	-0.261672996091997	1
NAPSIN.A.R.C_GBL1033873	0	-0.286666402938805	0.990340046912268
YAP.R.E_GBL1033881	0	-0.32800535348243	0.936274043145475
BRCA2.R.C_GBL1033740	0	-0.379347582089923	0.971498750822522
Rab25.R.V_GBL1033850	0	-0.438510013963543	0.937072530295874
S6_pS235_S236.R.V_GBL1033723	0	-0.438555962119394	0.937072530295874
PREX1.R.V_GBL1033857	0	-0.452819757416302	0.930058442413759
PKC.beta.II_pS660.R.V_GBL1033846	0	-0.471011740950084	0.912820376635676
GSK.3ab_pS21_S9.R.V_GBL1033797	0	-0.579460625447475	0.909831656635805
p70.S6K_pT389.R.V_GBL1033811	0	-0.602849864726938	0.912820376635676
c.Kit.R.V_GBL1033690	0	-0.615351120787751	0.903392256155431
X14.3.3.zeta.R.V_GBL1033883	0	-0.680878946340271	0.937072530295874
Annexin.VII.M.V_GBL1033907	0	-0.758864883013449	0.907453898806868
FoxO3a.R.C_GBL1033838	0	-0.931987512004025	0.912820376635676
X14.3.3.beta.R.V_GBL1033882	0	-0.989662299573346	0.897194860579398
C.Raf_pS338.R.V_GBL1033691	0	-1.0543224615455	0.853293807043814
Rb.M.QC_GBL1033895	0	-1.08650525686802	0.858055591486173
Dvl3.R.V_GBL1033785	0	-1.12384613488206	0.752444049042236
Bid.R.C_GBL1033683	0	-1.15759920260197	0.803327370217549
E2F1.M.V_GBL1033938	0	-1.18183462900635	0.858055591486173
PKC.delta_pS664.R.V_GBL1033784	0	-1.22442044307702	0.782446098512245
UGT1A.M.V_GBL1033950	0	-1.25200626862816	0.752444049042236
AMPK.alpha.R.C_GBL1033675	0	-1.28344786225835	0.803327370217549
AR.R.V_GBL1033738	0	-1.30487298330952	0.7241693484021
PEA.15.R.V_GBL1033789	0	-1.40437676046973	0.772367643667889
PEA.15_pS116.R.V_GBL1033790	0	-1.43596799588921	0.752444049042236
YB1.R.V_GBL1033732	0	-1.43912644250783	0.733816241783799
ARHI.M.C_GBL1033929	0	-1.56148736284506	0.717480818311433
Rictor.R.C_GBL1033844	0	-1.62739975881656	0.675874309735293
TFRC.R.V_GBL1033849	0	-1.6325713067663	0.724892156689417
Pdcd4.R.C_GBL1033770	0	-1.67923891128354	0.752444049042236
Bax.R.V_GBL1033679	0	-1.70789573383436	0.803327370217549
Smac.M.QC_GBL1033896	0	-1.71147409032075	0.724892156689417
B.Raf_pS445.R.V_GBL1033685	0	-1.71567148811172	0.724892156689417
ATP5H.M.C_GBL1033913	0	-1.73683356728398	0.717480818311433
Gys_pS641.R.V_GBL1033819	0	-1.75499386123968	0.715974372984742
VEGFR.2.R.V_GBL1033731	0	-1.82866613972907	0.679233253386117
Annexin.I.M.V_GBL1033912	0	-1.94702900876389	0.692496165365542
Syk.M.V_GBL1033948	0	-1.95079218753979	0.640973304273035
Tyro3.R.V_GBL1033829	0	-1.95257521736009	0.71798417407206
X4E.BP1_pS65.R.V_GBL1033671	0	-1.97847393674703	0.618709765839115
N.Cadherin.R.V_GBL1033805	0	-2.04616125149038	0.640973304273035
PR.R.V_GBL1033720	0	-2.05992457785184	0.559866234816745
PRAS40_pT246.R.V_GBL1033737	0	-2.17019196154114	0.675874309735293
MDM2_pS166.R.V_GBL1033854	0	-2.21163189154237	0.675874309735293
b.Catenin.R.V_GBL1033680	0	-2.23557286646524	0.535083517115575
PARP.cleaved.M.QC_GBL1033892	0	-2.29035727426191	0.661089194409207
Ets.1.R.V_GBL1033886	0	-2.37116994368735	0.618709765839115
p27_pT157.R.C_GBL1033772	0	-2.39107604967956	0.675083923408398
EGFR_pY1068.R.C_GBL1033694	0	-2.45508348453375	0.675874309735293
HER2.M.V_GBL1033942	0	-2.48296204678756	0.62070244306425
ACC_pS79.R.V_GBL1033673	0	-2.51204815504629	0.515815457723885
MEK1_pS217_S221.R.V_GBL1033828	0	-2.54635247790023	0.675874309735293
ADAR1.M.V_GBL1033909	0	-2.55630544592324	0.508288191222587
CDK1.R.V_GBL1033788	0	-2.60818495825258	0.64539885194912
Raptor.R.V_GBL1033843	0	-2.66873138987699	0.434952939597756
GSK.3ab.M.V_GBL1033941	0	-2.68895674971139	0.675874309735293
Cyclin.B1.R.V_GBL1033693	0	-2.69615180355668	0.675874309735293
Notch1.R.V_GBL1033825	0	-2.74126355456067	0.507923606012185
PI3K.p110.alpha.R.C_GBL1033769	0	-2.85190216261135	0.415011524712303
ERCC1.M.V_GBL1033939	0	-2.85457564028787	0.495509278409555
b.Catenin_pT41_S45.R.V_GBL1033855	0	-2.92666121154376	0.675874309735293
YB1_pS102.R.V_GBL1033771	0	-2.93787735221172	0.515815457723885
Cox2.R.C_GBL1033859	0	-2.98619048446499	0.675083923408398
HER2_pY1248.R.C_GBL1033827	0	-2.98948267920957	0.515815457723885
Caspase.8.M.QC_GBL1033903	0	-3.00849855441586	0.415011524712303
Claudin.7.R.V_GBL1033773	0	-3.08149555845564	0.366394305295822
NF.kB.p65_pS536.R.C_GBL1033806	0	-3.17732586041572	0.434796298550074
Chk1_pS345.R.C_GBL1033780	0	-3.17816789150545	0.495509278409555
Myosin.IIa_pS1943.R.V_GBL1033853	0	-3.18772965869528	0.379448044923217
Caspase.7.cleaved.R.C_GBL1033686	0	-3.26369739394214	0.407818201877083
eIF4E.R.V_GBL1033734	0	-3.28815887752731	0.567238374369408
SETD2.R.QC_GBL1033820	0	-3.29717688257987	0.434952939597756
YAP_pS127.R.E_GBL1033742	0	-3.33715263315831	0.459569234818004
PDK1_pS241.R.V_GBL1033814	0	-3.36171759449803	0.4766191461865
EGFR_pY1173.R.V_GBL1033695	0	-3.3837962124315	0.575120094539784
GCN5L2.R.V_GBL1033871	0	-3.423236700958	0.332186916883765
Tuberin_pT1462.R.V_GBL1033730	0	-3.44875318286843	0.515815457723885
Tuberin.R.V_GBL1033729	0	-3.50208602185518	0.45174166586752
Src.M.V_GBL1033898	0	-3.58587718024771	0.364413596617768
MSH2.M.V_GBL1033900	0	-3.60417000959884	0.515815457723885
p38_pT180_Y182.R.V_GBL1033808	0	-3.73561780293576	0.434952939597756
AMPK.alpha_pT172.R.V_GBL1033676	0	-3.77249396244803	0.290626083407437
IGF1R.beta.R.V_GBL1033860	0	-3.87210477685568	0.332186916883765
X14.3.3.epsilon.M.C_GBL1033928	0	-3.92797763061894	0.302522421017188
PTEN.R.V_GBL1033722	0	-4.06566019999716	0.364413596617768
c.Met_pY1234_Y1235.R.V_GBL1033735	0	-4.12357130939151	0.4766191461865
Stathmin.1.R.V_GBL1033733	0	-4.21597246629405	0.510324663333109
FAK_pY397.R.V_GBL1033863	0	-4.39596591972797	0.459569234818004
mTOR_pS2448.R.C_GBL1033804	0	-4.45317742435907	0.392553432333008
c.Jun_pS73.R.V_GBL1033689	0	-4.5392585845962	0.332186916883765
Cyclophilin.F.M.V_GBL1033937	0	-4.64944841335387	0.269078021758823
IRS1.R.V_GBL1033768	0	-4.69184231713436	0.332186916883765
Pdcd.1L1.G.C_GBL1033925	0	-4.79044033567304	0.278791899190754
HER3_pY1289.R.C_GBL1033736	0	-4.92088703919756	0.278791899190754
eIF4G.R.C_GBL1033840	0	-5.14388951040882	0.328376294117217
Paxillin.R.C_GBL1033812	0	-5.17088602247897	0.278791899190754
p27_pT198.R.V_GBL1033774	0	-5.19167925075358	0.332186916883765
Histone.H3.R.V_GBL1033869	0	-5.33542966174809	0.324393228414476
HER3.R.V_GBL1033884	0	-5.3901876686588	0.161995947375762
TSC1.R.C_GBL1033841	0	-5.51664121402253	0.161995947375762
Heregulin.R.V_GBL1033776	0	-5.64838282865633	0.315232838430764
ER.alpha.R.V_GBL1033879	0	-5.68444311374637	0.278791899190754
Src_pY416.R.C_GBL1033725	0	-5.71317508924949	0.332186916883765
Gab2.R.V_GBL1033786	0	-5.76807036132916	0.276475835488227
p27.Kip.1.R.V_GBL1033778	0	-5.96672556245977	0.363587706284947
JNK_pT183_Y185.R.V_GBL1033775	0	-6.18883559990831	0.278791899190754
Bcl.xL.R.V_GBL1033682	0	-6.34373327702169	0.364413596617768
c.Myc.R.C_GBL1033885	0	-7.2074511780413	0.366394305295822
B.Raf.M.C_GBL1033932	0	-7.3734800501195	0.276475835488227
FoxM1.R.V_GBL1033839	-7.87468679702852	-7.87468679702852	0.0755194552967122
Cyclin.D1.R.V_GBL1033878	-8.02714029020176	-8.02714029020176	0.278791899190754
ER.alpha_pS118.R.V_GBL1033794	-8.04246366501224	-8.04246366501224	0.234868848170643
Rb_pS807_S811.R.V_GBL1033721	-8.14127871210922	-8.14127871210922	0.180291993590548
Stat3_pY705.R.V_GBL1033727	-8.47610279766429	-8.47610279766429	0.278791899190754
Bad_pS112.R.V_GBL1033677	-8.63983246506968	-8.63983246506968	0.141418494278835
MAPK_pT202_Y204.R.V_GBL1033801	-10.4801382055289	-10.4801382055289	0.180291993590548
Shc_pY317.R.V_GBL1033791	-11.1835884962384	-11.1835884962384	0.0442170356193953
Akt_pS473.R.V_GBL1033793	-15.2883043959189	-15.2883043959189	0.0442170356193953
Akt_pT308.R.V_GBL1033851	-15.7532168405529	-15.7532168405529	0.0442170356193953
