ID1	changeInclude	change	FDRp
G6PD.M.V_GBL1033940	5.27423997426216	5.27423997426216	0.49970325937495
Src_pY527.R.V_GBL1033726	5.23065415525491	5.23065415525491	0.908675434069628
mTOR_pS2448.R.C_GBL1033804	5.11159758656849	5.11159758656849	0.908675434069628
E2F1.M.V_GBL1033938	4.89363763047921	4.89363763047921	0.89418939781676
p70.S6K_pT389.R.V_GBL1033811	4.77973773217224	4.77973773217224	0.908675434069628
Rb.M.QC_GBL1033895	4.59220881415856	4.59220881415856	0.908675434069628
MSH2.M.V_GBL1033900	4.38267358432477	4.38267358432477	0.908675434069628
p38.R.V_GBL1033807	4.21379739612626	4.21379739612626	0.89418939781676
S6_pS240_S244.R.V_GBL1033724	4.15553559666271	4.15553559666271	0.908675434069628
S6_pS235_S236.R.V_GBL1033723	4.05896208824277	4.05896208824277	0.908675434069628
p38.alpha.M.V_GBL1033908	0	3.4965342931618	0.908675434069628
p38_pT180_Y182.R.V_GBL1033808	0	3.49273842341045	0.908675434069628
MEK1_pS217_S221.R.V_GBL1033828	0	3.18535108440725	0.908675434069628
eEF2.R.C_GBL1033822	0	3.10557108520541	0.908675434069628
Mcl.1.R.V_GBL1033861	0	3.09842506532054	0.908675434069628
p21.R.V_GBL1033880	0	3.03165481768837	0.912842863299257
PMS2.R.V_GBL1033867	0	2.98888791551028	0.908675434069628
p70.S6K1.R.V_GBL1033810	0	2.88311150472885	0.908675434069628
N.Ras.M.V_GBL1033944	0	2.87784225359128	0.908675434069628
Porin.M.V_GBL1033946	0	2.86631506157199	0.908675434069628
p53.R.C_GBL1033956	0	2.76573739919588	0.908675434069628
PDK1_pS241.R.V_GBL1033814	0	2.7553691092132	0.908675434069628
Bcl2.M.V_GBL1033931	0	2.74199161678766	0.910610329787534
Rad50.M.V_GBL1033904	0	2.71900518269706	0.908675434069628
Rad51.R.V_GBL1033870	0	2.7140328733395	0.908675434069628
A.Raf.R.V_GBL1033858	0	2.60446640545619	0.908675434069628
BAP1.M.V_GBL1033930	0	2.53993598229334	0.908675434069628
Bak.R.C_GBL1033678	0	2.36191594275371	0.908675434069628
ATM_pS1981.R.V_GBL1033875	0	2.16214228475019	0.908675434069628
MIG6.M.V_GBL1033905	0	2.11526619711959	0.910610329787534
TTF1.R.V_GBL1033830	0	2.06514698459154	0.908675434069628
Bid.R.C_GBL1033683	0	2.06185295243709	0.910610329787534
VEGFR.2.R.V_GBL1033731	0	2.00184498536322	0.910610329787534
DJ1.R.V_GBL1033777	0	1.98362472824057	0.908675434069628
Dvl3.R.V_GBL1033785	0	1.97727820143663	0.908675434069628
Heregulin.R.V_GBL1033776	0	1.91048249482478	0.910610329787534
p27.Kip.1.R.V_GBL1033778	0	1.8961186820074	0.920863508295128
IGFBP2.R.V_GBL1033922	0	1.84159510596783	0.909086862801203
Shc_pY317.R.V_GBL1033791	0	1.8034847977686	0.910610329787534
NF.kB.p65_pS536.R.C_GBL1033806	0	1.77902696505461	0.910610329787534
HIAP.R.C_GBL1033783	0	1.73362749544022	0.910610329787534
MEK1.R.V_GBL1033802	0	1.73312230726955	0.910610329787534
Akt.R.V_GBL1033833	0	1.69613443759677	0.910610329787534
FASN.R.V_GBL1033852	0	1.69330195360394	0.910610329787534
PDK1.R.V_GBL1033813	0	1.6879893726532	0.910610329787534
ARHI.M.C_GBL1033929	0	1.62091320493295	0.910610329787534
Fibronectin.R.V_GBL1033958	0	1.60267566865493	0.910610329787534
RSK.R.C_GBL1033739	0	1.59343728404575	0.910610329787534
ACC_pS79.R.V_GBL1033673	0	1.56311752621637	0.910610329787534
Stat5a.R.V_GBL1033728	0	1.48719220923264	0.910610329787534
CD29.M.V_GBL1033911	0	1.45894446265984	0.910610329787534
HER2_pY1248.R.C_GBL1033827	0	1.40575665536281	0.912842863299257
GATA3.M.V_GBL1033951	0	1.39122561766038	0.920863508295128
JAB1.M.C_GBL1033943	0	1.36323170822577	0.910610329787534
Collagen.VI.R.V_GBL1033877	0	1.34845413641955	0.910610329787534
Ets.1.R.V_GBL1033886	0	1.31891173005167	0.910610329787534
Chk1.M.C_GBL1033910	0	1.18263220860837	0.912842863299257
NDRG1_pT346.R.V_GBL1033842	0	1.13962750548174	0.912842863299257
RBM15.R.V_GBL1033847	0	1.13283219132988	0.920718399589199
MDM2_pS166.R.V_GBL1033854	0	1.1061576367304	0.912842863299257
FoxO3a_pS318_S321.R.C_GBL1033796	0	1.06809030790372	0.998272636159745
JNK2.R.C_GBL1033799	0	1.03741211065748	0.912842863299257
Transglutaminase.M.V_GBL1033901	0	1.02079657092612	0.912842863299257
MEK2.R.V_GBL1033866	0	1.01659105365433	0.912842863299257
JNK_pT183_Y185.R.V_GBL1033775	0	1.00908221126894	0.920863508295128
SCD.M.V_GBL1033945	0	0.935473552100343	0.912842863299257
PDGFR.beta.R.V_GBL1033862	0	0.925938911385598	0.967238112133538
PKC.alpha_pS657.R.C_GBL1033816	0	0.898189576955254	0.949971716211398
X14.3.3.beta.R.V_GBL1033882	0	0.795883907595828	0.998272636159745
Gys.R.V_GBL1033818	0	0.69189557247766	0.967238112133538
GPBB.R.V_GBL1033868	0	0.663428742023157	0.955694914924138
GSK.3b_pS9.R.V_GBL1033831	0	0.623760102941067	0.998272636159745
Smac.M.QC_GBL1033896	0	0.554476395368931	0.998663471273533
Caspase.7.cleaved.R.C_GBL1033686	0	0.552245677472034	0.998272636159745
Gab2.R.V_GBL1033786	0	0.524357399802113	0.998272636159745
MSH6.R.C_GBL1033824	0	0.522879775999731	0.998272636159745
Annexin.I.M.V_GBL1033912	0	0.472746387985228	0.998663471273533
c.Jun_pS73.R.V_GBL1033689	0	0.470841456431899	0.988951073169139
mTOR.R.V_GBL1033803	0	0.434666571865952	0.998272636159745
Bax.R.V_GBL1033679	0	0.389397070205343	1
PKC.alpha.M.V_GBL1033894	0	0.369655892193982	0.998272636159745
EGFR_pY1068.R.C_GBL1033694	0	0.33015278206446	0.998272636159745
C.Raf.R.V_GBL1033856	0	0.323565902647099	0.998272636159745
ACC1.R.E_GBL1033674	0	0.315059142275734	0.998272636159745
ATR.R.C_GBL1033779	0	0.309950814245322	0.998272636159745
AMPK.alpha_pT172.R.V_GBL1033676	0	0.2763043765706	0.999183118979331
INPP4b.R.V_GBL1033826	0	0.232571163294204	1
Cox2.R.C_GBL1033859	0	0.207718658113274	0.998272636159745
HER2.M.V_GBL1033942	0	0.150576329677144	1
Merlin.R.C_GBL1033821	0	0.1341768072822	1
NAPSIN.A.R.C_GBL1033873	0	0.0711549824657198	1
ACVRL1.R.C_GBL1033834	0	0	NA
Beclin.G.C_GBL1033953	0	0	NA
Complex.II.Subunit.M.V_GBL1033934	0	0	NA
GAPDH.M.C_GBL1033890	0	0	NA
Smad1.R.V_GBL1033782	0	0	NA
Smad3.R.V_GBL1033743	0	0	NA
Smad4.M.V_GBL1033947	0	0	NA
TIGAR.R.V_GBL1033836	0	0	NA
UBAC1.R.V_GBL1033872	0	0	NA
UQCRC2.M.C_GBL1033949	0	0	NA
GSK.3ab_pS21_S9.R.V_GBL1033797	0	-0.0556227301411738	1
CD31.M.V_GBL1033933	0	-0.0787174894747632	1
Chk2.M.V_GBL1033889	0	-0.156053234517431	1
X4E.BP1_pS65.R.V_GBL1033671	0	-0.208058948697289	1
GSK.3ab.M.V_GBL1033941	0	-0.209753081731829	0.998272636159745
PRAS40_pT246.R.V_GBL1033737	0	-0.251275707761111	1
Pdcd.1L1.G.C_GBL1033925	0	-0.330069434761114	0.998272636159745
Cyclin.B1.R.V_GBL1033693	0	-0.375947260388179	1
YAP.R.E_GBL1033881	0	-0.390801992070135	1
PKC.delta_pS664.R.V_GBL1033784	0	-0.44021004094466	1
PAI.1.M.V_GBL1033891	0	-0.446533561734098	1
HER3_pY1289.R.C_GBL1033736	0	-0.447750795438044	1
EGFR.R.V_GBL1033837	0	-0.471089503785503	1
PKC.beta.II_pS660.R.V_GBL1033846	0	-0.474628234742215	1
PR.R.V_GBL1033720	0	-0.483769892896577	0.998272636159745
ER.alpha.R.V_GBL1033879	0	-0.518062361141866	1
Claudin.7.R.V_GBL1033773	0	-0.526146607050529	0.998272636159745
SETD2.R.QC_GBL1033820	0	-0.555858673644783	0.988080742805328
ER.alpha_pS118.R.V_GBL1033794	0	-0.585798182171577	1
X4E.BP1.R.V_GBL1033914	0	-0.601867749761711	0.998272636159745
CD49b.M.V_GBL1033902	0	-0.635210042164251	1
FAK.R.E_GBL1033864	0	-0.68031783072966	0.998272636159745
YB1.R.V_GBL1033732	0	-0.729368590836752	0.998272636159745
Rab11.R.E_GBL1033832	0	-0.739393597174818	0.998272636159745
ATM.R.V_GBL1033874	0	-0.758128126737723	0.998663471273533
eEF2K.R.V_GBL1033823	0	-0.782732049644481	0.998272636159745
PCNA.M.C_GBL1033893	0	-0.836011069574193	0.998272636159745
Syk.M.V_GBL1033948	0	-0.856757426757508	0.949971716211398
Gys_pS641.R.V_GBL1033819	0	-0.935676848625044	0.912842863299257
PARP1.R.V_GBL1033887	0	-0.996338896468056	0.949971716211398
Caspase.8.M.QC_GBL1033903	0	-1.00912923442792	0.912842863299257
ATP5H.M.C_GBL1033913	0	-1.02806838710131	0.972616138822297
Notch1.R.V_GBL1033825	0	-1.04139674909392	0.955866041119156
Rictor_pT1135.R.V_GBL1033845	0	-1.13688524964742	0.920863508295128
Paxillin.R.C_GBL1033812	0	-1.14492601333681	0.988080742805328
Pdcd4.R.C_GBL1033770	0	-1.15242644723881	0.912842863299257
X4E.BP1_pT37_T46.R.V_GBL1033672	0	-1.16009301031435	0.912842863299257
MAPK_pT202_Y204.R.V_GBL1033801	0	-1.16137800714126	1
c.Kit.R.V_GBL1033690	0	-1.16397680928268	0.912842863299257
Chk1_pS345.R.C_GBL1033780	0	-1.19311739877752	0.972616138822297
AR.R.V_GBL1033738	0	-1.22394498607846	0.912842863299257
PI3K.p110.alpha.R.C_GBL1033769	0	-1.26417353065176	0.912842863299257
Rictor.R.C_GBL1033844	0	-1.30720041491172	0.912842863299257
TAZ.R.V_GBL1033741	0	-1.31226761616475	0.910610329787534
Cyclin.E1.M.V_GBL1033936	0	-1.32521410527632	0.949971716211398
PTEN.R.V_GBL1033722	0	-1.36907298797099	0.912842863299257
PI3K.p85.R.V_GBL1033815	0	-1.37261597009641	0.912842863299257
ERCC1.M.V_GBL1033939	0	-1.38262470625516	0.912842863299257
eIF4G.R.C_GBL1033840	0	-1.40920487141247	0.998272636159745
ADAR1.M.V_GBL1033909	0	-1.46621295950098	0.910610329787534
Myosin.11.R.V_GBL1033848	0	-1.52050811371907	0.910610329787534
Tuberin.R.V_GBL1033729	0	-1.53174783536138	0.910610329787534
GCN5L2.R.V_GBL1033871	0	-1.53946681228931	0.910610329787534
IRS1.R.V_GBL1033768	0	-1.56853620447832	0.912842863299257
PREX1.R.V_GBL1033857	0	-1.59760285222812	0.910610329787534
Annexin.VII.M.V_GBL1033907	0	-1.61469711562371	0.910610329787534
FoxO3a.R.C_GBL1033838	0	-1.67814604967461	0.910610329787534
Tuberin_pT1462.R.V_GBL1033730	0	-1.68948405083426	0.949971716211398
UGT1A.M.V_GBL1033950	0	-1.68973622579829	0.910610329787534
Bad_pS112.R.V_GBL1033677	0	-1.7126941894837	0.949971716211398
PEA.15_pS116.R.V_GBL1033790	0	-1.78297852256572	0.910610329787534
FAK_pY397.R.V_GBL1033863	0	-1.81909940453835	0.985819433197965
Cyclophilin.F.M.V_GBL1033937	0	-1.82328167295168	0.910610329787534
Src.M.V_GBL1033898	0	-1.84405704813434	0.910610329787534
SF2.M.V_GBL1033906	0	-1.96305949813685	0.910610329787534
Cox.IV.M.C_GBL1033935	0	-1.99790902075307	0.910610329787534
Chk2_pT68.R.C_GBL1033688	0	-2.10253065553787	0.910610329787534
HER3.R.V_GBL1033884	0	-2.11715606689829	0.908675434069628
X53BP1.R.V_GBL1033787	0	-2.13743264096464	0.908675434069628
Akt_pS473.R.V_GBL1033793	0	-2.17294879809509	0.998272636159745
PARP.cleaved.M.QC_GBL1033892	0	-2.21182554643553	0.910610329787534
p27_pT157.R.C_GBL1033772	0	-2.22560982196386	0.910610329787534
Raptor.R.V_GBL1033843	0	-2.2498667897584	0.908675434069628
Lck.R.V_GBL1033800	0	-2.26233619329819	0.910610329787534
TWIST.M.C_GBL1033888	0	-2.30626348261991	0.910610329787534
Myosin.IIa_pS1943.R.V_GBL1033853	0	-2.33405342083098	0.908675434069628
Histone.H3.R.V_GBL1033869	0	-2.3391713868456	0.910610329787534
X14.3.3.epsilon.M.C_GBL1033928	0	-2.39499387592346	0.908675434069628
E.Cadherin.R.V_GBL1033835	0	-2.47615167366615	0.908675434069628
Rab25.R.V_GBL1033850	0	-2.50590497821957	0.908675434069628
IGF1R.beta.R.V_GBL1033860	0	-2.56446815347289	0.908675434069628
Bim.R.V_GBL1033684	0	-2.56727027541741	0.908675434069628
BRCA2.R.C_GBL1033740	0	-2.57625476065085	0.908675434069628
b.Catenin.R.V_GBL1033680	0	-2.57695395936093	0.908675434069628
YAP_pS127.R.E_GBL1033742	0	-2.61156470070195	0.910610329787534
Akt_pT308.R.V_GBL1033851	0	-2.61623260389142	0.998272636159745
b.Catenin_pT41_S45.R.V_GBL1033855	0	-2.6349246239582	0.912842863299257
AMPK.alpha.R.C_GBL1033675	0	-2.66397282563143	0.908675434069628
N.Cadherin.R.V_GBL1033805	0	-2.69489796969688	0.908675434069628
B.Raf.M.C_GBL1033932	0	-2.69960271885071	0.910610329787534
Stat3_pY705.R.V_GBL1033727	0	-2.70256408442974	0.988080742805328
eIF4E.R.V_GBL1033734	0	-2.91283510870543	0.910610329787534
YB1_pS102.R.V_GBL1033771	0	-2.95500611446669	0.908675434069628
Src_pY416.R.C_GBL1033725	0	-3.02314105617252	0.910610329787534
EGFR_pY1173.R.V_GBL1033695	0	-3.02381143711163	0.910610329787534
c.Met_pY1234_Y1235.R.V_GBL1033735	0	-3.02882862106079	0.908675434069628
X14.3.3.zeta.R.V_GBL1033883	0	-3.07588265250524	0.908675434069628
FoxM1.R.V_GBL1033839	0	-3.1674640190317	0.908675434069628
PEA.15.R.V_GBL1033789	0	-3.58942234549322	0.908675434069628
p27_pT198.R.V_GBL1033774	0	-3.60014883410152	0.908675434069628
C.Raf_pS338.R.V_GBL1033691	0	-3.90534396611961	0.909086862801203
TSC1.R.C_GBL1033841	0	-3.94555946402858	0.89418939781676
p16INK4a.R.V_GBL1033865	0	-3.94706368301511	0.908675434069628
c.Met.M.QC_GBL1033899	0	-4.05031061814901	0.908675434069628
XRCC1.R.C_GBL1033781	0	-4.30359795749548	0.908675434069628
B.Raf_pS445.R.V_GBL1033685	0	-4.51612659935003	0.908675434069628
Snail.M.QC_GBL1033897	-4.69920546447213	-4.69920546447213	0.908675434069628
Rb_pS807_S811.R.V_GBL1033721	-4.82134514926422	-4.82134514926422	0.908675434069628
Cyclin.D1.R.V_GBL1033878	-5.02792908285896	-5.02792908285896	0.908675434069628
Caveolin.1.R.V_GBL1033687	-5.0755703647469	-5.0755703647469	0.89418939781676
Stathmin.1.R.V_GBL1033733	-5.1356688064031	-5.1356688064031	0.908675434069628
c.Myc.R.C_GBL1033885	-5.32917178649835	-5.32917178649835	0.910610329787534
CDK1.R.V_GBL1033788	-5.40257522514145	-5.40257522514145	0.908675434069628
TFRC.R.V_GBL1033849	-6.18086518510565	-6.18086518510565	0.642914166150374
Bcl.xL.R.V_GBL1033682	-6.46138373596278	-6.46138373596278	0.908675434069628
Tyro3.R.V_GBL1033829	-6.53319842867285	-6.53319842867285	0.642914166150374
