ID1	changeInclude	change	FDRp
Src_pY527.R.V_GBL1033726	4.12862588889014	4.12862588889014	0.928461762699845
Chk2_pT68.R.C_GBL1033688	3.98648831967379	3.98648831967379	0.935199102164822
Rictor_pT1135.R.V_GBL1033845	3.83920949055506	3.83920949055506	0.694753860772633
EGFR.R.V_GBL1033837	3.78283053093658	3.78283053093658	0.928461762699845
Heregulin.R.V_GBL1033776	3.74997897631089	3.74997897631089	0.674933166623315
N.Ras.M.V_GBL1033944	3.53825660415116	3.53825660415116	0.854237102342619
Caveolin.1.R.V_GBL1033687	3.5092165635089	3.5092165635089	0.935199102164822
p21.R.V_GBL1033880	3.41098948996753	3.41098948996753	0.953132387772667
p38.R.V_GBL1033807	3.29269461954098	3.29269461954098	0.915032343499039
eIF4G.R.C_GBL1033840	3.28209206549087	3.28209206549087	0.909151490013399
GSK.3ab.M.V_GBL1033941	0	3.10751578300107	0.674933166623315
ATR.R.C_GBL1033779	0	3.07596007095847	0.694753860772633
Akt.R.V_GBL1033833	0	3.06716829369258	0.694753860772633
MEK2.R.V_GBL1033866	0	2.96211259873925	0.935199102164822
GPBB.R.V_GBL1033868	0	2.91194317900484	0.674933166623315
Bak.R.C_GBL1033678	0	2.91076513044501	0.674933166623315
MSH6.R.C_GBL1033824	0	2.67774082679318	0.674933166623315
G6PD.M.V_GBL1033940	0	2.63563784301962	0.896697430483883
ATM_pS1981.R.V_GBL1033875	0	2.57837330940468	0.724070191689725
PAI.1.M.V_GBL1033891	0	2.54307130953659	0.936857038458048
X4E.BP1.R.V_GBL1033914	0	2.52894820880134	0.674933166623315
Merlin.R.C_GBL1033821	0	2.48001471256166	0.674933166623315
JNK2.R.C_GBL1033799	0	2.45221112434859	0.935199102164822
Cox.IV.M.C_GBL1033935	0	2.41954160733016	NA
FoxO3a_pS318_S321.R.C_GBL1033796	0	2.3998348615636	0.935199102164822
RSK.R.C_GBL1033739	0	2.39206653202081	0.674933166623315
MEK1.R.V_GBL1033802	0	2.38297974369512	0.915032343499039
PDK1.R.V_GBL1033813	0	2.2036975837302	0.92109447085128
INPP4b.R.V_GBL1033826	0	2.16769290144663	0.724070191689725
DJ1.R.V_GBL1033777	0	2.1664973622957	0.92109447085128
Rictor.R.C_GBL1033844	0	2.16285944648223	0.928461762699845
Gab2.R.V_GBL1033786	0	2.14570319035787	0.674933166623315
Dvl3.R.V_GBL1033785	0	2.10831384165399	0.694753860772633
Mcl.1.R.V_GBL1033861	0	2.0874331307078	0.674933166623315
IGFBP2.R.V_GBL1033922	0	1.93649435920859	0.674933166623315
N.Cadherin.R.V_GBL1033805	0	1.89804970671813	1
Rad51.R.V_GBL1033870	0	1.82765096363411	0.951669151178232
NDRG1_pT346.R.V_GBL1033842	0	1.78358044732366	0.959744226053752
Cyclin.E1.M.V_GBL1033936	0	1.72024073908836	0.935199102164822
PDGFR.beta.R.V_GBL1033862	0	1.68617103847342	0.725332238279871
Snail.M.QC_GBL1033897	0	1.66600971826581	NA
UGT1A.M.V_GBL1033950	0	1.65213587550253	NA
p38.alpha.M.V_GBL1033908	0	1.55262344157415	0.674933166623315
NF.kB.p65_pS536.R.C_GBL1033806	0	1.54077016842311	0.824986146417411
SF2.M.V_GBL1033906	0	1.54063613237115	0.674933166623315
ATM.R.V_GBL1033874	0	1.52883799049354	0.92109447085128
c.Jun_pS73.R.V_GBL1033689	0	1.51619711796489	0.92109447085128
Fibronectin.R.V_GBL1033958	0	1.48126714736171	1
BRCA2.R.C_GBL1033740	0	1.47094380791633	0.906038570830355
p53.R.C_GBL1033956	0	1.45367935999332	1
Cox2.R.C_GBL1033859	0	1.44766684399089	0.694753860772633
JAB1.M.C_GBL1033943	0	1.44757688100974	0.674933166623315
PMS2.R.V_GBL1033867	0	1.44692830985585	0.935199102164822
Ets.1.R.V_GBL1033886	0	1.42041434246443	0.92109447085128
MEK1_pS217_S221.R.V_GBL1033828	0	1.33165152330236	0.694753860772633
Transglutaminase.M.V_GBL1033901	0	1.32578668496639	NA
c.Kit.R.V_GBL1033690	0	1.29504499719048	0.92109447085128
ERCC1.M.V_GBL1033939	0	1.27424316902689	0.225390814627237
E.Cadherin.R.V_GBL1033835	0	1.2604440565431	0.694753860772633
A.Raf.R.V_GBL1033858	0	1.19900053818944	0.92109447085128
RBM15.R.V_GBL1033847	0	0.979016378529102	0.92109447085128
HIAP.R.C_GBL1033783	0	0.971135522163004	0.674933166623315
CD31.M.V_GBL1033933	0	0.940463820134451	0.935199102164822
CD49b.M.V_GBL1033902	0	0.922985314802117	0.935199102164822
eEF2K.R.V_GBL1033823	0	0.882958795894022	0.935199102164822
eEF2.R.C_GBL1033822	0	0.86274961534669	1
Rab11.R.E_GBL1033832	0	0.835592182685654	0.928461762699845
Histone.H3.R.V_GBL1033869	0	0.820659114839306	0.935199102164822
CD29.M.V_GBL1033911	0	0.78620643893749	0.674933166623315
ATP5H.M.C_GBL1033913	0	0.771690548308627	0.935199102164822
Chk1_pS345.R.C_GBL1033780	0	0.758829974822194	0.937125319716929
Rad50.M.V_GBL1033904	0	0.755084101113459	0.674933166623315
PARP.cleaved.M.QC_GBL1033892	0	0.753967149422136	0.674933166623315
Chk1.M.C_GBL1033910	0	0.730312571865436	0.99433057998829
TAZ.R.V_GBL1033741	0	0.707656229031958	0.674933166623315
X4E.BP1_pT37_T46.R.V_GBL1033672	0	0.702002277349149	0.935199102164822
HER2.M.V_GBL1033942	0	0.635467779565549	0.963671372833945
MIG6.M.V_GBL1033905	0	0.586500398074441	0.694753860772633
YB1.R.V_GBL1033732	0	0.581609839290153	0.674933166623315
Gys.R.V_GBL1033818	0	0.580066676262429	0.674933166623315
ADAR1.M.V_GBL1033909	0	0.559511265326058	0.937125319716929
Tyro3.R.V_GBL1033829	0	0.5469866640497	0.958005629841739
TWIST.M.C_GBL1033888	0	0.540931558397414	0.935199102164822
c.Met.M.QC_GBL1033899	0	0.535080407897899	0.920061078443469
Stat5a.R.V_GBL1033728	0	0.535031431785341	0.674933166623315
CDK1.R.V_GBL1033788	0	0.502949725441411	0.935199102164822
Lck.R.V_GBL1033800	0	0.469175844556249	0.694753860772633
NAPSIN.A.R.C_GBL1033873	0	0.446484648697323	0.694753860772633
PARP1.R.V_GBL1033887	0	0.437870086586885	0.958005629841739
Notch1.R.V_GBL1033825	0	0.204331784094515	0.92109447085128
Myosin.11.R.V_GBL1033848	0	0.175544613784407	0.49437072367612
HER2_pY1248.R.C_GBL1033827	0	0.156345018073031	0.959744226053752
BAP1.M.V_GBL1033930	0	0.135893771313525	1
B.Raf.M.C_GBL1033932	0	0.0958624255808218	1
Myosin.IIa_pS1943.R.V_GBL1033853	0	0.0840641935594725	1
VEGFR.2.R.V_GBL1033731	0	0.0304395831252656	NA
E2F1.M.V_GBL1033938	0	0.0195254623575312	0.92109447085128
p38_pT180_Y182.R.V_GBL1033808	0	0.00842371943484044	0.674933166623315
ACVRL1.R.C_GBL1033834	0	0	NA
Beclin.G.C_GBL1033953	0	0	0.694753860772633
Complex.II.Subunit.M.V_GBL1033934	0	0	1
GAPDH.M.C_GBL1033890	0	0	0.906038570830355
Smad1.R.V_GBL1033782	0	0	0.935199102164822
Smad3.R.V_GBL1033743	0	0	NA
Smad4.M.V_GBL1033947	0	0	NA
TIGAR.R.V_GBL1033836	0	0	0.694753860772633
UBAC1.R.V_GBL1033872	0	0	0.96296606838476
UQCRC2.M.C_GBL1033949	0	0	0.854237102342619
PCNA.M.C_GBL1033893	0	-0.0394487606296786	0.935199102164822
GATA3.M.V_GBL1033951	0	-0.0599422666930555	NA
Collagen.VI.R.V_GBL1033877	0	-0.168319104449797	0.694753860772633
TSC1.R.C_GBL1033841	0	-0.171000202970434	0.92109447085128
p27_pT157.R.C_GBL1033772	0	-0.172894848328748	0.674933166623315
PEA.15.R.V_GBL1033789	0	-0.177394382772245	0.953528106307917
FASN.R.V_GBL1033852	0	-0.265986717959737	0.694753860772633
X53BP1.R.V_GBL1033787	0	-0.308526260070735	0.989082613451202
PI3K.p85.R.V_GBL1033815	0	-0.319365108977023	0.92109447085128
Annexin.I.M.V_GBL1033912	0	-0.340668065011497	0.99433057998829
Gys_pS641.R.V_GBL1033819	0	-0.370587953507791	0.935199102164822
ACC1.R.E_GBL1033674	0	-0.452155693134434	0.99433057998829
p70.S6K1.R.V_GBL1033810	0	-0.609193106628111	0.674933166623315
Bid.R.C_GBL1033683	0	-0.638107106738627	NA
Caspase.8.M.QC_GBL1033903	0	-0.707681043060326	0.694753860772633
Porin.M.V_GBL1033946	0	-0.715406135593907	0.92109447085128
X14.3.3.beta.R.V_GBL1033882	0	-0.719163180742348	0.935199102164822
TTF1.R.V_GBL1033830	0	-0.727713151056351	1
PDK1_pS241.R.V_GBL1033814	0	-0.741631032047674	0.694753860772633
PR.R.V_GBL1033720	0	-0.746901789484638	0.935199102164822
Pdcd.1L1.G.C_GBL1033925	0	-0.889797920982785	1
Smac.M.QC_GBL1033896	0	-0.907357313372563	0.694753860772633
p16INK4a.R.V_GBL1033865	0	-0.92545908914825	1
Chk2.M.V_GBL1033889	0	-0.929524013424799	0.937125319716929
ARHI.M.C_GBL1033929	0	-0.949076276039786	0.933919585032432
Paxillin.R.C_GBL1033812	0	-0.973355955479948	0.96915464323262
PKC.delta_pS664.R.V_GBL1033784	0	-0.974026689193536	0.694753860772633
Tuberin.R.V_GBL1033729	0	-0.999343941244757	0.935199102164822
JNK_pT183_Y185.R.V_GBL1033775	0	-1.03422313088081	0.915032343499039
C.Raf.R.V_GBL1033856	0	-1.04430801057727	0.928461762699845
b.Catenin.R.V_GBL1033680	0	-1.06553730402372	0.928461762699845
Cyclophilin.F.M.V_GBL1033937	0	-1.0812841414903	0.915032343499039
FAK.R.E_GBL1033864	0	-1.0916331203891	0.92109447085128
FoxO3a.R.C_GBL1033838	0	-1.09906758205728	0.674933166623315
Tuberin_pT1462.R.V_GBL1033730	0	-1.13173512536519	0.935199102164822
PTEN.R.V_GBL1033722	0	-1.21691759703513	0.92109447085128
Src.M.V_GBL1033898	0	-1.22575778074071	0.915032343499039
XRCC1.R.C_GBL1033781	0	-1.22929068335302	1
PREX1.R.V_GBL1033857	0	-1.23898900421582	0.225390814627237
X14.3.3.epsilon.M.C_GBL1033928	0	-1.25589123432475	0.915032343499039
Rb.M.QC_GBL1033895	0	-1.36611130411169	0.674933166623315
PI3K.p110.alpha.R.C_GBL1033769	0	-1.40125297256622	0.674933166623315
X14.3.3.zeta.R.V_GBL1033883	0	-1.41273398921295	0.92109447085128
AMPK.alpha_pT172.R.V_GBL1033676	0	-1.58706333295319	0.854237102342619
Src_pY416.R.C_GBL1033725	0	-1.70171011857666	0.92109447085128
X4E.BP1_pS65.R.V_GBL1033671	0	-1.73637401372509	0.854237102342619
Rb_pS807_S811.R.V_GBL1033721	0	-1.7698010453717	0.92109447085128
MDM2_pS166.R.V_GBL1033854	0	-1.8501268854751	0.915032343499039
Bax.R.V_GBL1033679	0	-2.08342193174589	0.906038570830355
Cyclin.B1.R.V_GBL1033693	0	-2.08392053788903	0.935199102164822
ACC_pS79.R.V_GBL1033673	0	-2.10166947980262	0.779841986545109
Bim.R.V_GBL1033684	0	-2.10869345849165	0.935199102164822
Cyclin.D1.R.V_GBL1033878	0	-2.11930700693234	0.915032343499039
c.Met_pY1234_Y1235.R.V_GBL1033735	0	-2.17058239699357	0.959744226053752
PKC.alpha.M.V_GBL1033894	0	-2.18430945076192	1
SCD.M.V_GBL1033945	0	-2.28656496105841	0.450822367994894
Caspase.7.cleaved.R.C_GBL1033686	0	-2.32437628562424	0.719945940653884
Pdcd4.R.C_GBL1033770	0	-2.33267924237717	0.935199102164822
ER.alpha.R.V_GBL1033879	0	-2.40699760292399	0.694753860772633
Claudin.7.R.V_GBL1033773	0	-2.44765353974383	0.674933166623315
Bcl.xL.R.V_GBL1033682	0	-2.45319255088716	0.92109447085128
eIF4E.R.V_GBL1033734	0	-2.51537732957078	0.674933166623315
PKC.alpha_pS657.R.C_GBL1033816	0	-2.5173584914883	0.724070191689725
Syk.M.V_GBL1033948	0	-2.54356191747119	0.674933166623315
Rab25.R.V_GBL1033850	0	-2.6164051706475	0.935199102164822
c.Myc.R.C_GBL1033885	0	-2.63029217164615	0.906038570830355
TFRC.R.V_GBL1033849	0	-2.63301913736332	0.935199102164822
HER3.R.V_GBL1033884	0	-2.68141874054284	1
mTOR.R.V_GBL1033803	0	-2.77400294860848	0.675651396492717
Raptor.R.V_GBL1033843	0	-2.82287872226767	0.906038570830355
YAP.R.E_GBL1033881	0	-2.88646499658744	0.935199102164822
AR.R.V_GBL1033738	0	-2.98445414560174	0.674933166623315
HER3_pY1289.R.C_GBL1033736	0	-3.12574638209663	0.674933166623315
PKC.beta.II_pS660.R.V_GBL1033846	0	-3.21652155860598	0.854237102342619
IGF1R.beta.R.V_GBL1033860	0	-3.36359493308315	0.935199102164822
b.Catenin_pT41_S45.R.V_GBL1033855	0	-3.374753260888	0.826454846642503
GCN5L2.R.V_GBL1033871	0	-3.3890879916012	1
EGFR_pY1068.R.C_GBL1033694	0	-3.39465005361254	0.674933166623315
YB1_pS102.R.V_GBL1033771	0	-3.39616923948801	0.958005629841739
IRS1.R.V_GBL1033768	0	-3.48340322650638	0.698366829567635
PEA.15_pS116.R.V_GBL1033790	0	-3.48453464688293	1
Annexin.VII.M.V_GBL1033907	0	-3.51915152764409	0.674933166623315
AMPK.alpha.R.C_GBL1033675	0	-3.51921834417562	0.674933166623315
C.Raf_pS338.R.V_GBL1033691	0	-3.55279426621306	0.92109447085128
FoxM1.R.V_GBL1033839	0	-3.55644115432815	0.92109447085128
Shc_pY317.R.V_GBL1033791	0	-3.818836902339	0.92109447085128
FAK_pY397.R.V_GBL1033863	0	-3.93245598580173	0.928461762699845
p27_pT198.R.V_GBL1033774	0	-4.05046673218553	1
Bcl2.M.V_GBL1033931	0	-4.18130481853167	0.694753860772633
YAP_pS127.R.E_GBL1033742	0	-4.18780376466645	0.674933166623315
p70.S6K_pT389.R.V_GBL1033811	0	-4.20722536031716	0.92109447085128
MSH2.M.V_GBL1033900	0	-4.23388085332068	0.96296606838476
SETD2.R.QC_GBL1033820	0	-4.23393188217207	0.694753860772633
EGFR_pY1173.R.V_GBL1033695	0	-4.31218521739086	0.779841986545109
p27.Kip.1.R.V_GBL1033778	0	-4.75863814193687	0.909151490013399
Stathmin.1.R.V_GBL1033733	0	-5.02466952395099	0.958005629841739
GSK.3b_pS9.R.V_GBL1033831	0	-5.40717350310507	0.674933166623315
MAPK_pT202_Y204.R.V_GBL1033801	0	-5.53834683680025	0.963671372833945
Bad_pS112.R.V_GBL1033677	0	-5.84177977726737	0.674933166623315
S6_pS240_S244.R.V_GBL1033724	-6.07490699749958	-6.07490699749958	0.225390814627237
Stat3_pY705.R.V_GBL1033727	-6.40316785180978	-6.40316785180978	0.694753860772633
B.Raf_pS445.R.V_GBL1033685	-6.5311677538189	-6.5311677538189	0.667064029011161
PRAS40_pT246.R.V_GBL1033737	-6.69313593797041	-6.69313593797041	0.935199102164822
GSK.3ab_pS21_S9.R.V_GBL1033797	-6.70919087728359	-6.70919087728359	0.694753860772633
mTOR_pS2448.R.C_GBL1033804	-6.76559042076153	-6.76559042076153	0.694753860772633
S6_pS235_S236.R.V_GBL1033723	-6.91565080067711	-6.91565080067711	0.854237102342619
ER.alpha_pS118.R.V_GBL1033794	-8.27984815261397	-8.27984815261397	0.854237102342619
Akt_pT308.R.V_GBL1033851	-8.39489916490019	-8.39489916490019	0.674933166623315
Akt_pS473.R.V_GBL1033793	-12.7772506784874	-12.7772506784874	0.225390814627237
