ratios
0.932972246343785
1.29774648019498
0.6805788421181
0.554384453633526
0.70782391936584
0.166968019120958
0.525084407762315
1
0.200122214127788
0.789418939324661
0.224689758288698
0.281372792389505
0.153007429721601
0.830246850675288
0.286945260882416
1.29488645244013
3.45931204455075
0.359232549046037
0.202152522084335
0.186452162621633
0.593518933748235
0.976841742527835
0.378500633069121
0.249218508690628
3.93980184870043
0.593035426321024
1.19355526478783
1.24095823395279
0.314328104175167
0.957716148907381
0.655036169817337
1.08051092612091
1.07626203775347
0.515621606730891
0.610609677732108
0.231213034037978
