V1	V2	V3	V4	V5	V6	V7	V8	V9	V10	V11	V12	V13	V14	V15	V16	V17	V18	V19	V20	V21	V22	V23	V24	V25	V26	V27	V28	V29	V30
X14.3.3_epsilon.M.C_GBL9026348	2.7240678714846	-2.84171297278578	2.63884490437013	3.64392397587483	-0.360688009397449	0.208370036246866	-3.86444088790013	1.8405424552073	4.02101332840473	-1.84066761642079	-3.02086844911556	-0.372120379010093	0.207783242721764	4.67999968759448	-1.46859724681868	1.18146685524346	-0.677792671272349	-3.67420748299364	0.236755043224746	-2.15939445327108	4.27053544071604	0.820569125716389	-1.15122002830381	2.22958830643	-1.10452008105396	-3.92893484617434	2.78500976712707	3.20156077347688	-6.69571202391312	1.85918964642911
X4E.BP1.R.V_GBL9026169	11.0020504157942	-2.14582369805257	2.19424409917162	1.6072193922398	-2.16977693252374	3.44409720289487	-7.0064321782896	-0.669794192476778	7.08522554592505	0.76268561252885	0.347989476440849	4.5107175420292	-4.04041277933947	0.87262974540371	2.8753853846894	-3.99749459563519	5.0502631904612	-5.67561952125195	3.32778962921126	1.50013519353049	1.68946034095966	2.49865929749366	12.3665901994645	-1.61091379478808	5.29764479998874	-2.00778201312104	1.62102472153551	2.5354661714116	-0.885451823398029	-5.42775351961188
X4E.BP1_pS65.R.V_GBL9026170	-1.09571753718852	-0.643077269962679	-2.46196335596933	14.3564967657098	18.0820276101146	1.08515079198283	11.0779924298448	-2.32740091049641	-2.71466842123611	-2.59914053431698	-5.10838557479891	-2.73550074346873	6.17607385549099	-1.0479225176338	6.4386536405875	5.15444532942622	11.5234123397988	2.67427101645054	4.93449089138849	1.41782808555379	6.89298941720808	5.87744746183793	-2.88375964742543	-11.0212932476504	5.70349824917303	-6.91812153964242	1.08699095066661	7.50983693916066	-4.94518218922779	-1.98174756801891
X53BP1.R.C_GBL9026171	0.119921830709392	-1.07231708586907	2.73613349998202	-3.18283876402328	-1.23820312235379	0.0330253403793818	-0.492050076703159	-0.924887447571175	4.36274124405933	-4.04748649469311	5.5318014031379	4.00269464404207	5.26616045055045	2.11282584231968	-2.31418708879231	-1.71267771169891	1.52171243663639	-3.06810744205499	-4.80752773711225	2.16643624867032	3.09222466738114	-1.54516318995435	-0.113346900250505	1.99922536936323	4.51327791789959	-1.17548062223843	2.49995878265195	3.26989939747357	-1.93711027194904	2.05684185767867
ACC_pS79.R.V_GBL9026172	1.69158198092729	6.60251495228244	4.22603245256082	-6.76302194128641	2.50335425021685	2.49151117464216	6.59718795914817	-0.0699214888611051	4.40468403967969	11.28340982426	10.2822682148605	-3.81679893708269	4.02768658814973	1.87655960730665	2.14448577399577	2.08406810439872	-4.58518901222204	10.0931086752708	-2.81772961571788	-1.64150932360874	0.259705332997134	6.97788537882414	-0.307928017015224	0.972459626579326	2.01818139238824	-0.909712832330869	-2.01445086574879	-1.07424532098556	1.80650497261889	1.16347211485233
ACC1.R.C_GBL9026173	4.23057045877122	2.43932338810897	-0.248731348739155	-2.2355258403684	-2.00701373500608	-0.267657360482723	9.55236385902582	2.72579443634047	3.94415961492917	6.49192488932049	8.19315071580627	4.89964227364935	6.42382017198395	10.9111525711427	-2.92814185551887	-3.44777734622383	-2.00779601177682	5.2635633317218	-3.14108121622578	2.14430731110739	6.32298177994074	-2.78242627172674	-3.74560056241556	4.33539610145351	2.09038756063353	0.0658480846501772	4.03739922486688	-3.3553717052153	2.84818169277283	-0.491210071926872
AIB1.M.V_GBL9026302	-2.33436573434155	8.14169845830522	2.81515482094187	0.173996656554105	3.01177129950401	-8.96845287230021	-0.655468158580049	5.2574851034209	0.905511597149533	0.0149791466564687	2.41643085056524	0.146292692353591	-2.94961011762868	-1.95359897305171	-3.33246410685539	-0.107880489836469	6.0329876092569	1.15845779024798	1.15374379217777	0.183963004531056	1.22424499663382	1.05576612296123	-7.79828680517648	-4.02902150557725	2.88314952278318	2.07403545702497	-3.72432232179373	5.57898207605743	2.24596892139562	1.53460090242102
Akt.R.V_GBL9026174	2.95785878083359	-0.0936882267748043	2.8176275217716	12.2807817390862	3.38541406948749	4.34145266666134	3.30840159730509	-7.43106129080351	-5.69769559447878	-1.95947311392975	5.10440083217431	-2.65498274448732	1.58044336633879	-2.33116951123568	8.11778866132518	-1.45915654358613	3.20966928298455	5.42536660730851	-2.03906804532092	4.30652201437984	2.85598402779942	2.07262511598541	-4.30297263174628	1.09990407949597	7.37892226839705	3.20051816798501	-1.58748059837821	1.75761893781247	6.29113833911969	0.489185209617259
Akt_pS473.R.V_GBL9026175	13.3722480400797	6.61607302208354	10.6248099404676	13.7940091065788	-10.3304637382045	19.074147167775	1.94845207211156	-2.51654066543387	10.4276704180527	1.10196150440751	7.89852541401633	-0.144043374594188	-13.8442250489839	-0.876631928315738	22.238805382412	-2.96374469178746	10.0048139424066	-4.69942497489808	-2.70483034191239	14.6741523107468	14.8588999952593	8.56344179937026	19.4848635613767	-11.1764323731689	9.85523456520254	-9.5317999663139	-5.34705243209873	15.5871465018833	-10.3092699629033	10.1574022671779
Akt_pT308.R.V_GBL9026176	11.649964962266	6.48083992885199	9.74427819680647	9.16343484766217	-7.83660818992841	10.5163518938019	6.66033655626708	-3.39218223046363	2.92521106552528	1.23780565386442	4.59349710126908	9.15805813740497	-15.8696362226992	8.52903296191697	20.0040083556096	-5.10068457064546	2.21408585145041	-7.90888602276808	-4.60770979205341	8.01415769946253	17.7112471260145	12.4803274261486	19.584833756084	-10.0846550175514	10.5701153291923	-10.1379615584142	2.45479720980855	14.1138603137362	-9.86378428127572	8.70480860952575
alpha.Catenin.M.V_GBL9026304	-6.06314178993651	2.78823873427225	-1.57951028746865	-4.76982176286103	-3.63489006759379	2.70373597507676	2.09278083247408	1.54157022454699	-2.40038976310398	-2.23857064811669	2.02125888029158	1.73347161481705	-4.57111484346937	-2.28321391140372	-1.14916679290518	0.165705880980958	1.09280245214016	-5.0952355178081	1.85066314223712	4.96774535775262	0.965664682725951	0.306466136129569	0.374275187477869	0.468302891756091	1.10344219434362	4.27679692653065	-0.496531925329299	5.43554181197728	-0.0191545101895061	-2.43235673346124
AMPK_alpha.R.C_GBL9026177	1.57838129604914	-3.07124538711373	-0.703914606664343	-2.44704265234343	-6.37016107969208	-2.7493077656829	3.67784744060033	-0.581619577570953	1.65693387675447	2.12149293790773	3.1029399908145	-1.13508927562191	-3.03110169236946	0.0873601458910334	2.24308199286248	-0.0746308767884778	-0.894077395618152	4.25561119560816	-1.35487243203368	-0.923066722226501	2.38273247836288	6.03248106523908	3.17028704749182	3.00125614874758	3.44397648984945	0.890599337243576	-1.83613844229473	1.57926551286404	-3.96347177069286	-1.15678033482752
AMPK_pT172.R.V_GBL9026178	0.859710634064048	-1.07773300163842	-0.139520225349284	-3.21192290920257	-0.721624569649773	3.29503472612663	2.94204093889111	0.550419169237773	0.719653711921888	5.4155251789174	4.8137918847006	-1.41424902307332	-0.639496916149355	-2.15980364387682	1.60899882486061	-2.96922250439437	-3.45284378094891	0.386550430990661	-5.40168554772802	-3.53473435084933	3.03116601080905	3.82288929004725	-3.19450073915308	-5.25214204203499	-4.5548834221835	-1.26240114552584	1.8538087267918	2.99293262935407	-0.0111646839218633	5.24756198003202
Annexin_I.R.V_GBL9026179	1.95759225693967	2.07894137702508	2.5735908111659	-3.20331763290326	-3.59890719110643	-3.83523084417297	3.08029047852832	2.08043394066346	11.3671969357767	-4.48991738392139	-1.57888126128857	0.39005953729028	-2.13685943100597	-3.2565787762907	1.29171370950594	3.6684314886206	-1.73320392534119	-0.87335934879486	2.48638461044025	-1.47524828688437	-0.722442518447742	-8.89495127388431	1.4731051837542	-4.82379723579878	-4.70562423921702	-8.16856733248319	2.85791304779916	5.47116349076781	-0.418036767667286	4.56449678677061
AR.R.V_GBL9026335	-3.60773805872479	6.79985331541544	-3.74724324984855	2.10618424903282	2.24139448795414	-1.45774294136447	3.13121950081182	1.52563643164976	-1.45832715315218	2.93602239314847	-2.0437772861768	-2.48578394246489	1.14175360254714	-5.56331934687116	-4.59953675616136	-2.26066764725117	-4.92916464168119	0.690290234852987	2.10489536518568	1.78239251806429	2.26779572439065	1.93337149944931	-1.53607936581079	0.571830888098459	-0.674716617294009	-1.61058305133517	-0.790070743642973	-3.28514920573536	1.52147336623974	3.10400368751541
Bad_pS112.R.V_GBL9026336	6.79341485139433	1.6303241995604	-4.2829119796427	-1.60397815687745	7.19641527258905	14.8602722949098	1.19277857186787	-1.55366962318588	8.24184421842807	1.44815612684441	-8.29794864175344	-0.84742437767564	0.0218620919532233	5.14131260730253	-3.47659236694621	4.78882004493477	7.50939523275112	-0.259309399417819	2.18246919363006	8.96154116284164	-0.888653530403776	1.45701297200592	7.82866781146114	1.03966080754511	-6.18904605502652	3.84900481767975	-10.1202652269267	10.1680244339546	-7.14376699033383	-1.16713338507073
Bak.R.C_GBL9026182	1.16919395417645	1.58676964638004	1.49838808792385	2.9352159135734	-2.40758045875913	-4.91643356089015	6.10500064465345	4.9449346742728	0.142474270283445	1.80112790483435	-3.70168838107228	-6.42169315050756	-2.26048105355179	5.22008717270277	2.49917671302888	2.54002022048546	1.40716039308502	-3.42872450650448	-1.80761098096513	-0.611870406330438	-0.844872673339973	-5.1509029934468	1.00230531203157	-2.2653733142734	-4.91043158818785	-2.26453087364067	-2.02298719961013	-1.5684866452326	2.46594951528693	-2.82584560178201
Bax.R.V_GBL9026183	-0.400833464283853	-0.37504238648298	3.45426782502158	1.91492385130148	0.456237484619926	-0.891453346397213	8.66652922827694	4.38973353379095	-2.24574132937969	1.92296691188551	-1.63270409302266	-1.05762979477256	-2.93023152417109	-7.562640058904	-2.43386915720711	6.38821357420712	10.6824539799186	4.17486372825349	-4.38047595906119	0.0626337302464789	-2.16651150946049	1.87333167447416	0.558737175193148	-8.69660695475108	-8.98423324298032	-2.9288505328154	-1.85933205919043	3.62284171889493	0.0458132236561605	2.21372929347924
Bcl.2.M.V_GBL9026303	-2.88295882829915	-2.59666838998026	1.64881721864022	2.63747618782255	2.53116700384703	0.41820630691377	5.21051272590737	13.7465491107191	10.4529561985493	1.15684787889545	-7.9872538301677	1.52210664781185	-1.86204823596814	-8.10157817066781	-1.92465007296182	0.82152206171567	-1.52811683523433	-2.04904470220613	-5.15976296558176	-1.61247767836141	4.43648088545307	-1.58881340445673	4.79356895009954	3.10075771250555	3.32486424103824	-3.33089603363777	3.07723327973112	1.3076616358674	4.08367229960085	-1.54487105099688
Bcl.X.R.C_GBL9026338	-11.5658705823263	1.85654311655249	1.11601617586904	-2.17298563876881	-5.98780471337133	-1.12798554226402	-2.65695029541736	5.8572856217428	4.9829019712452	2.92049880869002	0.628547229883474	-3.26258128048873	2.94934922716281	-11.1292657884666	-9.67422873528299	-6.85801473608559	-2.80107591465242	5.02447514384161	-0.0800098814414612	11.3891604495778	3.53095328229716	2.54753427030312	0.502298890666875	9.96466631965727	6.66776895681578	4.59378509956244	1.58795333967588	-7.8496190871619	2.61079153601663	7.00910716141355
Bcl.xL.R.V_GBL9026339	-9.99975076006435	-0.204905306478975	6.29730277799133	-2.40997976699664	-9.12011534187025	1.31327192322847	9.20600599238329	5.39807150433374	5.35981143152044	1.80823590064248	6.73856619817548	6.01881829726333	5.63798466497436	-3.31156626021873	-13.9365666627193	-0.16621791058163	0.0791892431375077	2.25921226700997	-0.811614959231684	8.42997058963816	-3.20493945087087	3.19510156803752	-2.09402649678603	4.87234447209326	10.245317929866	7.73005354736006	-1.25498194086684	4.90842603998676	5.15830600128036	2.04848632446042
Beclin.G.V_GBL9026330	0	0	0	0	0	0	0	0	0	0	0	0	0	0	0	0	0	0	0	0	0	0	0	0	0	0	0	0	0	0
beta.Catenin.R.V_GBL9026194	-1.4816861070974	-2.63612290139368	4.51756661247624	2.38824620639253	-2.03069709196689	-1.04636542343704	0.997008249999057	1.23285588179857	3.5854336987534	2.67325489066112	-2.97965447550305	-0.222416600057698	-0.57332875412349	-5.20863862437183	2.8133266225434	1.59260080569478	4.55586328282672	-0.851466995929882	-0.980954780029409	-0.33201735300239	0.379030691661355	2.91997206567659	6.71714929709845	-3.85324726680046	0.219247515324537	1.63800597052356	3.34048444352132	-2.14412619357022	0.588100536468103	2.62856371346812
Bid.R.C_GBL9026340	1.2854152449853	-6.44373720558989	-4.65120557567724	-3.38782935938252	-5.03148582604943	-6.33860013011204	-3.45226306203009	1.14126306901603	0.979502218326514	-0.397252427413586	2.31249957617783	1.87751846654825	5.48188902371119	-0.144625469651895	1.62982096721797	1.50205580757639	0.250559905822338	-1.99538774133971	-5.06746087552759	1.79250456992666	-1.50086812363329	-6.37707153339732	0.558157449865075	-5.61595572540741	0.59618120016007	-8.55458409092694	3.27238658726429	4.95524377890002	-3.2519615593564	0.0979041495413987
Bim.R.V_GBL9026351	-1.02747315535098	-0.177509546756772	2.82714780352499	2.62053302199218	-1.48487832157124	-3.26933599900566	-1.4775576440634	2.96987387132115	-7.81564809443286	-5.59817508862011	-6.58778064102243	0.164850454644008	-0.105959495091942	3.15124266128058	-1.36197028896787	2.77330124642069	-0.455867440224716	-6.86555931202215	0.957155759515395	4.54554235016804	4.22569284355266	-2.84128941488988	5.55190043367056	2.62993251330221	-6.82159494420474	6.33030751541005	5.73570345717259	-2.9433211764297	-5.21322170390076	-0.485865568761533
c.Jun_pS73.R.C_GBL9026231	1.851188695424	6.49222094336155	9.52727960924782	-0.524336401311172	7.03778983328925	-9.12334961425484	-0.0515470463785225	4.2493932359907	1.93222189356067	2.48107955865148	15.140447364965	0.227300215438564	-1.80114625780441	6.58640565328408	7.98640440447472	1.34932986509449	0.968978839058867	-8.76921865993443	-1.93414274465276	-4.72417082807705	9.35881062593118	4.70620105843647	2.13070923133993	-0.711780275540301	0.540645476259305	-5.92444771256592	0.209939995950483	1.51390053680786	-1.18336935346189	0.110319866846242
c.Kit.R.V_GBL9026344	-4.54932451780392	-0.949066945112944	-1.62436505168245	1.8349552150901	-3.28783333621651	2.78296147517244	-3.66424414768275	-3.94077047041648	-0.0361678400627763	-0.705776564646712	2.31480691048594	-0.0950239237704876	-0.030464068287974	-1.69774333192414	4.36044631114145	-2.52808126208034	-7.00990573971608	3.20071430529804	-1.49205518351571	-1.25192750513072	0.360243171589392	-1.27460753285118	-0.173290942950618	-3.8935469720678	-2.18975270010674	-1.84221190819797	-2.49563525210796	5.96148142429337	1.58985017779701	-0.0718004073852248
c.Met.M.C_GBL9026314	3.54566093169751	1.22555637889285	0.539863022115249	2.84722157396847	-7.14691358636675	-2.04130597762904	1.49969857567143	0.553872560062181	-2.61234332285245	2.23589052315298	-4.28516750751792	-1.85701965935021	0.975546252962593	-4.78028853764433	0.837001582363909	-1.45231601578307	3.1726081485052	-3.1715419727003	1.07193929269759	4.13660478093861	2.17173944339299	3.06503028246881	3.95559746334136	2.0576757540598	1.53293453608753	8.98967023237775	-4.89631024801019	-1.41184023100166	-6.01880191533443	2.63077065618326
c.Met_pY1235.R.C_GBL9026236	-1.75311896408939	4.44477393320912	-4.36027021971186	11.8225616254442	-0.927418454374093	7.30584128497832	2.30426991568008	-9.38827733969986	-2.80459977482322	-2.24872434033706	1.38674788213891	1.01972632630886	-5.75746179144972	6.40203670869803	4.23368762046222	-3.46532266786842	3.38484318633436	-2.86576496656078	10.962963310551	3.65014771940636	-2.54410546324709	-8.13155732135193	-2.52217051525789	-4.0931686397896	-1.50265164192821	5.30988636821966	-0.0537257478203026	4.83456311200042	-7.35214324809164	-0.665074095946842
c.Myc.R.C_GBL9026241	6.66292518439922	-6.97484601197116	0.458323207751549	10.2428566530124	5.86815251807792	4.58050491274759	6.39005365617325	-7.31378874836387	-9.62171749932951	5.13574561015986	-16.0577055257216	-4.91709123458225	-0.581437060465835	-10.24754314077	14.950905632314	1.37023141933485	-6.65684856313412	2.11694911375104	-3.95704144390635	10.2485254179296	7.49407304127694	-3.48994007893856	-6.66164630295391	-2.61508559393319	22.9999342166288	1.16814654697159	0.488649876998967	5.46514936683889	1.2857217201655	2.05236728536903
C.Raf.R.V_GBL9026278	-1.64206713794544	6.89061172442895	-3.36527128369281	2.57390642392128	-5.76808437287548	4.169918981034	-3.52554443829321	1.81892234536731	1.49146135330189	2.54357659432245	-3.09762544213074	5.25159574164543	1.12003996636405	4.35705469313756	-1.75700211037075	-2.73490528897468	-2.62388691008487	0.93093182781214	-1.37885028070627	5.9922622186086	-7.14080197115872	6.54814675603335	4.98767639143468	1.37155410811451	-6.21852925954715	2.6694104890879	-1.22886550336496	1.37631860618203	-5.86489837370987	-1.42270227541252
C.Raf_pS338.R.C_GBL9026279	7.45406967785642	-6.25266191412173	-3.95429138276726	9.74470855691936	3.19810884193563	15.1162080058759	10.8954407207557	-6.59373232230246	0.283254305341536	-1.48581771289357	-7.40052531715238	-1.46624258886305	-0.592246593456781	-1.69874094906448	1.87745257874853	6.43415427139607	3.29371468214784	1.91361724224373	3.19834120727906	7.07006333645717	-5.70002604525759	0.790336043503767	-6.27633132533927	-5.80058357396931	-5.68938529171318	-5.31177346877024	-8.32189332773577	4.97931049442904	-14.4796004327486	1.17650986396515
Caspase.3_active.R.C_GBL9026352	-0.462546095113867	6.1322414067705	-6.3467556661506	-9.98320222893385	-2.78799988044019	5.04782495773081	0.16411188891058	-3.57676992059612	4.91276967727976	-1.12268061833453	3.06227409835436	-5.81850115331966	3.08518358901335	1.92827428037566	-4.63869601283195	-5.00755635235907	-0.341171537363495	-3.53069488908734	10.4479953321184	3.02120344802973	2.73075004686206	2.60981368439392	-0.295071476947866	7.87007290131991	1.65411429533283	2.99300831999094	-5.79836760537413	-2.3602055918158	3.50474346238572	-11.2714218239339
Caspase.7_cleavedD198.R.C_GBL9026353	3.29779300101599	0.148580094482988	-3.25212174184034	1.42231648366818	-0.149669025566486	2.03864893498566	0.556723763685652	5.44716106344428	5.22063430628625	-1.83330045409769	-0.364584036783475	4.44828294009126	-3.79658755521588	7.17457045211401	3.58975221609961	-7.37071744048173	1.05217757418981	-0.591039695668186	-7.7161666486633	-3.0889273627118	2.58365788664792	5.22190902515774	-3.58862595659268	-10.4571737808995	4.22540061861885	6.47077063520319	2.32003755201264	-1.95389414892204	0.470720058251766	4.69653497584819
Caspase.9_cleavedD330.R.C_GBL9026193	-0.671155381595208	1.50969723168107	9.10637081577211	-11.5892162845383	-7.74846157839754	-5.33399277012179	2.05848020913137	-1.46239443985324	1.15069572152277	-2.01173077673396	-1.44486301793574	3.69305370903583	5.92269369351212	-4.06720449721774	-3.56781840443014	-3.32388212728381	-4.25959588996263	-2.55531657683601	-6.24186222635473	-5.85576187109177	-0.826474789475423	-2.16482023143128	4.91541773938911	3.71594222162678	-5.53877319515313	4.91478150749731	2.65916448834696	-4.2371938367881	6.40937562214595	-4.86726950159921
Caveolin.1.R.V_GBL9026195	-2.3657677703662	-0.705700690527054	1.86189702481108	7.74959424436876	-1.01579337550089	2.59090779060216	-0.736358377401968	-1.49170536741689	-5.27601187818803	5.86517911177684	0.787380667414518	0.101306091467888	0.694772365569118	2.28147787099045	1.16137184226329	-0.675059142342037	2.0054214116351	-2.42765736695584	-3.17289416879507	-0.319208235887895	0.980508817324133	2.98883088267239	3.44424720135018	5.23869395780534	-3.995576047201	5.10216933962487	1.52803932179941	-10.3854688836006	1.27603970456196	-5.26141935262063
CD31.M.V_GBL9026349	-0.530839878817541	-5.78899413348017	-2.09005632113857	0.97275725979272	-0.533000183873495	-1.27174330697007	1.95428514682038	-0.892885053426461	-0.375461347468231	-0.921102904720858	-2.64201935320591	0.735889998167059	-0.888834692870534	1.54502784275438	-6.03043098132519	2.96214209823691	-0.241113585517429	1.95722266389015	1.51738096815348	0.584815299451312	4.04622808489837	2.29007718005155	-2.59936104815751	-3.55064656463366	-5.32991797808157	-0.308930048346298	-3.08521846830333	3.54002475727765	0.839476275077708	4.55835380797891
CDK1.R.V_GBL9026196	0.601850200896353	-1.11886067292172	-1.71904992437164	0.708788225667609	3.8841912198149	-2.93512904412479	-3.3310119930757	-3.4456882371411	3.93270508605848	2.79044381815608	4.35672578023536	3.72121627732577	-2.90059272655965	1.53242259120523	1.75084605064335	7.22036756679991	12.7151897309821	2.10938632556411	0.359417205203268	1.01436127204312	0.462154914063742	-3.68674913446102	-4.84449924933315	2.56043709121903	-3.77194155566641	-1.52051077681783	-1.44886932558465	4.6098039940878	-0.440667147244442	2.35622465944644
Chk1.R.C_GBL9026197	0	0	0	0	0	0	0	0	0	0	0	0	0	0	0	0	0	0	0	0	0	0	0	0	0	0	0	0	0	0
Chk1_pS345.R.C_GBL9026198	0	0	0	0	0	0	0	0	0	0	0	0	0	0	0	0	0	0	0	0	0	0	0	0	0	0	0	0	0	0
Chk2.M.C_GBL9026306	0	0	0	0	0	0	0	0	0	0	0	0	0	0	0	0	0	0	0	0	0	0	0	0	0	0	0	0	0	0
Chk2_pT68.R.C_GBL9026199	0	0	0	0	0	0	0	0	0	0	0	0	0	0	0	0	0	0	0	0	0	0	0	0	0	0	0	0	0	0
cIAP.R.V_GBL9026200	0.146558548057905	-2.65556951677889	-0.256164827721955	-0.905548784384696	3.94430094569273	-2.03640113228733	1.43141997938542	0.935093095131255	0.24545748427895	1.69021340369164	1.05260294691291	-1.45706415732609	4.14387443778724	3.06200759765582	-6.14957331186193	-0.807124722483497	2.50009719491563	0.903428526880876	0.635207455501905	-0.966968304311176	-3.25918490948296	-5.25356395672363	1.59862468946346	1.08445466020062	0.881309865260923	4.46615530506592	3.04361514596957	-1.61619188070514	0.493534032407494	-7.38330358635698
Claudin.7.R.V_GBL9026201	-0.263648359611525	0.474628421296187	-0.388506886487415	6.14801540115089	7.17587035672023	1.0101789474156	5.5553633032159	1.29396254822051	-0.356137316987483	2.2203638781313	-6.25774606497343	-2.15290501632145	5.13477861611377	0.0345604015145536	-1.55610959814538	1.16964990166776	-1.78711249666413	2.71714958245228	7.19527216022589	-2.77115158710688	-0.0943605152146718	9.23357964706455	-0.0537526738250978	-1.04652639134639	0.157887118790518	3.33387406627668	0.0165672352284758	-2.71679347292948	-3.0093431314838	-0.551285169215658
Collagen_VI.R.V_GBL9026202	4.78918313342768	-2.58947924990697	-3.2505928394627	-1.60829793158796	0.580253333468519	0.873804351164759	1.74178642875629	-1.90894498746852	2.48969166587954	-1.31627907319814	2.57328855902833	-0.578035520397881	0.456491121718595	0.499247807900457	-0.637618246659425	-6.45854224381296	-0.875046127718608	0.148894814499689	5.16758305935678	-3.90882376336459	4.11352485699404	0.515307502249323	-0.737651169012276	2.27083583807507	5.00815331782658	-2.03485220540544	1.67268526790099	0.506611091270136	2.12015743234221	3.41586012920538
COX.2.R.C_GBL9026203	7.81261651035759	-4.64601165929357	0.962901614601977	2.188711498101	0.953981702446159	-5.11288976335116	3.68189205185633	3.3851459963277	-6.00273848887567	-1.45565562681388	14.8762638956824	8.31494047026859	-10.6708044456162	-1.81568226020477	15.5657711192319	3.96405214451738	3.88753907960074	-4.66499229783808	-2.029452202173	-1.17310114585708	16.1262106539685	2.24903979681891	1.41085350035979	-11.4787787721608	1.05667734266437	-4.17905310294116	1.51660651341894	-0.849780381259543	-3.43249039504681	1.75988389759441
Cyclin_B1.R.V_GBL9026204	1.38868190004809	-5.83455737945155	-3.16591074688921	-4.4676415912425	2.38265856832339	-1.60044812830447	0.95372598746976	1.75466384994074	5.22565597486201	5.60797407285286	-0.0885131138017996	-4.43260498847359	4.04525204761349	1.39660359713387	3.23987817043836	-0.787227649981685	-3.1864170970022	5.9411365264011	0.904776705628937	-6.81242807057685	3.64868045922076	-0.707744034097886	-3.23856053557476	-9.77450951519009	2.11245492856418	-2.28983466304625	1.18032862369774	6.96492350870221	3.41285288462599	1.00996749476909
Cyclin_D1.R.V_GBL9026205	-7.44553449891916	5.51321771227938	2.729439684599	-3.43939288989404	5.08720102026295	-10.2316009119295	-0.52345100597214	-0.567667924083369	1.61338334244339	-5.54115420841775	9.32333690544984	-2.33649869170319	2.23705934135163	-3.4714150811307	7.28515799230403	-4.12410636023831	2.6040798163482	-11.8858975084554	3.77474638229062	6.61765472190305	4.45386610016919	-1.1508078069636	-2.59065546923563	-7.19672696887964	2.70155488066616	-6.5479305085657	4.10253950744347	0.615911272607081	2.42605787311286	14.8497666409234
Cyclin_E1.M.V_GBL9026308	-1.62562545804725	0.228367288248493	0.805713362874556	3.44953873336459	-2.44882973905447	-2.71470914155493	-0.391496645443037	-0.800507633077165	1.85316405111513	-1.13680227970303	-8.98597086360646	3.67156077887088	-2.11922746933264	-3.74606107426053	-1.63511888441262	2.75447368712983	5.14990764198625	2.71769408335309	1.85014821277918	-5.242937319659	1.27038584342232	3.9032672840845	8.7318342106853	-2.83713943871894	-2.05563502776016	7.68938035887942	6.37397882457112	-4.59978937575061	0.474949318082676	-4.4797535171466
DJ.1.R.C_GBL9026206	-1.84123119765517	-1.24252104999702	2.442014095729	1.78477248683178	2.89774039360645	-0.492098668287959	-4.36783618755182	3.98242139939546	6.8234323757049	-6.848573381211	2.06939992315287	1.26843539955216	-0.218617678852984	1.4205097753281	-2.54487902824396	0.809193494395999	-1.46052457938877	-2.62785330503497	-1.06291625712011	2.02383833351568	5.41528197853802	0.276105876085142	-0.744600913496084	-1.95876240810078	3.90105220531908	1.14509719684456	4.46797426388232	-0.900137258466156	2.30729409955672	-5.50127309289547
Dvl3.R.V_GBL9026207	-0.328414466282836	2.26470258607877	0.0900580530879763	3.5922823206142	0.594120143961327	8.67990803187924	1.22976371255742	2.42468140435534	-3.40335534406713	-1.45018231341266	0.3329461495501	0.060832456776978	-1.48791599978331	0.785980627903027	6.93470569447618	-0.120398937350023	-5.58366208286446	2.47954877618207	-1.76526544963899	-0.294836389382309	0.313666795747001	-4.34941195104595	-6.99952672166581	2.68178930963552	-3.70101667546022	3.06796989164777	-1.7585804335349	1.2060281468987	0.717907653321454	1.66562983528093
E.Cadherin.R.V_GBL9026188	-5.79361219639385	-9.02677300513903	5.47606332209102	3.28093067686985	-4.49002982116699	-0.348470845191875	9.22182206893488	-2.09135457574981	-0.309213436332273	2.34380858329973	-2.24269142208755	0.521638269842973	-2.9423675062518	1.63470907186531	2.85461564899305	0.270246451901974	2.00926495555029	-2.34659000131868	5.4387773979805	0.545048155520194	-7.05482281928451	-2.93417438605722	3.51787688452399	-7.72210021569316	4.89596332467264	-3.3044820013543	0.525724231319447	2.36140834763248	-2.33038532049695	1.66873525520987
eEF2.R.V_GBL9026208	0.818476136109406	-5.34170593115205	-0.0701187029510703	-0.511093410574104	0.0827816807424234	-3.40612654930997	-3.98631696937609	1.43483275961024	0.828419069975409	2.93001722054879	-3.09623784867319	0.00677918190573791	-0.193298608684585	-4.5995841867391	-0.00576310501465833	0.0419017046284792	-0.60936778579422	2.5863764881467	-3.38036061902156	4.27778838251074	1.45147011832922	1.44344702762421	2.47857646290072	4.69104023079519	-2.60794634396201	3.06672654295138	-0.0753476317209046	-3.04537536198143	5.820484476712	-2.18901356810704
eEF2K.R.V_GBL9026209	-5.33245592673937	2.13372142564031	8.25749311161029	-2.65358245858761	-1.17679960964932	-3.12697225135889	-7.01190613923294	-0.0227854050334464	0.00872801704660563	3.6239223142378	-0.959403433331805	6.33003752296186	-10.2243582008912	-1.10329791691448	-2.77257251352372	-1.41446292335415	-3.9442292767315	-7.59921189441218	-2.24020647528196	2.30494688052124	-4.2003292278294	1.88867065996889	1.01250913310586	2.39433072539964	-6.17540559270885	1.53608353540873	2.66855182790234	-4.42894943667683	1.25415972464233	0.868039859768505
EGFR.R.C_GBL9026210	-9.42895850111699	8.18117776594218	-2.8826854096988	7.44797104532449	-1.34149296090499	4.60160534122993	1.36004100750808	-1.66497646416832	4.83162654949549	11.2576765815016	0.377409918248498	-9.71879556873026	9.87208192370288	10.6075140906501	-2.37373212837663	1.03754029135207	-1.0250003252046	8.89957455139657	1.28883613161497	4.73182552900402	-9.79537520603691	5.13393436868663	1.03161513608448	8.03893624458222	3.34312386959669	9.05160346174767	0.936117708646367	-4.33715321855362	3.8304953301167	2.14390246055785
EGFR.CST2232..R.C_GBL9026334	-3.99524920111738	6.49307375117894	6.37368531926412	2.00548575238836	-7.18217603729583	0.76135649309681	10.592099920551	-0.830363326294308	4.67287888832112	3.94245412742232	1.95389230308163	-1.88640922719409	1.52192976465916	-0.283890831681652	1.52887113711882	-0.190134666090364	10.7527140428149	-3.95408552160539	-1.26839436960511	2.11698266452523	-0.926473843349517	4.53040969585447	-0.327044212626909	9.55824776703949	1.88775218344879	8.67649632798538	-5.90274701742531	-6.10620415989275	8.31739462513218	0.625305304502168
EGFR_pY1068.R.V_GBL9026211	11.8861671729205	3.6423637417724	6.4730536055665	21.5430592067865	8.20637478147083	7.62996467908981	6.45313432907741	-5.51574999635406	4.88031440917938	6.32955319919235	6.60975694921421	-7.88338386405637	-3.34873191721817	1.86711812461465	14.7302093365858	9.15915203090569	9.52522420571373	11.5967100550572	-3.66876746042108	-6.74060047435332	5.49856862471402	14.7411335467931	-3.95490424278226	-7.63992504826898	-2.86503838995985	-2.76453379071932	-4.88121632447698	-7.29618048694572	-4.32981289923476	6.72354784570909
EGFR_pY1173.R.C_GBL9026212	7.65736487595629	0.324591709687505	3.82896475756144	22.8735792478032	9.65835425331155	10.0685864180346	10.8115371922283	-6.64630317542747	2.86494162458044	10.1486683157227	5.55982312379293	-7.60435729129564	2.07602024274887	4.08162823992797	13.6934951868103	6.85636887164521	10.8925849598828	11.702430594574	-12.5367942235183	-4.01764116588145	10.4597911399785	11.8576371233039	0.183835547076891	-4.70825529655018	6.84391201997567	-2.6439041555868	-4.25308442385625	-1.23722696482171	-4.98131704247794	6.4427182250479
EGFR_pY992.R.V_GBL9026213	5.63770772966271	3.16453839387712	4.03495640442866	17.479305858086	8.54608369188045	10.0840029932118	14.4027024676314	-8.58938207119801	8.10558403252164	6.76089772582288	3.18023662659121	-6.6549038360907	3.36129733876501	0.293689429407573	16.2530981359999	11.1715418631478	10.9273273420976	6.0094185291179	-3.48554703229758	-6.56704741506614	3.94296219208751	9.96695080429713	-7.86312042726787	-3.66505856990034	1.30255519955472	-2.06420030733149	-1.84336721937776	-2.44753107413288	-8.18371066125187	9.9342154609698
eIF4E.R.V_GBL9026214	-0.749047045134045	-1.7361592019044	2.86750941566021	3.24428710502923	-5.83122216978541	-0.00391703676656457	5.80981036312121	3.61470102969722	-12.4402162690096	6.37032633836947	-8.37298333749714	-1.85674843570549	-0.119986768103809	-1.69485245702401	0.669154856606048	-11.3928857658867	-4.8767608619927	-2.27336686940681	-1.67167860281417	12.838626803585	4.56867404804395	-2.11276940734327	1.52034613106188	4.96875077084036	8.62435035547911	-0.822836613393201	4.50912425841721	-6.11092425896734	6.83651457976359	-2.25786653294432
ER.alpha.R.V_GBL9026215	-3.32242994552136	-3.67400546817508	-0.0335386694752627	2.43891525858916	0.657771081575584	-5.04544533526192	8.41154142283158	-3.27529049130265	-0.391217236899986	4.32861527137507	7.14305626879502	6.76074081626746	3.08248391792569	-0.278627533164531	0.334900629459113	-5.82048662287944	1.41317371483705	-9.34866911016001	-0.193744148510359	4.58552637088693	4.96294451871108	0.309398133976088	5.13903938689002	2.70589670901309	3.34658954740296	-9.18209802848363	-0.158942611071923	-1.00350948650652	-4.51300968861849	-0.401696569779965
ER.alpha_pS118.R.V_GBL9026217	8.18603859748589	2.63368866901659	7.69932602122111	6.44378487078486	10.8530128782365	-7.04395987821356	13.1877033847283	-8.25683771500236	0.24053593371981	-13.7333373134964	-1.46143192650001	-0.770982132614704	-7.29258106189017	-3.80568041712265	17.9815653470949	1.26109421867718	16.4198974010021	-3.04210425546305	-0.121590983593133	0.9293931022573	17.2234759519595	8.24045190075369	0.160841571872691	-19.3558508897007	6.12444994713206	-12.9438026753367	-3.27765297462846	11.2755548860953	-9.57605687899514	4.90950327313173
ERCC1.M.C_GBL9026309	-1.31077618491771	-0.0398164164695289	-5.03829265668458	0.68604608426417	-2.2277901294698	-2.34011322999199	4.48959799482273	-3.79470433785907	-0.896053909570424	-3.09576339187126	0.85958870765911	6.97432814386184	6.07919196301588	-0.769358499410251	-5.36652432969529	-5.10221663949569	1.35532646180763	-2.44705420384436	0.719845475075021	2.25060885107291	-0.975824188604845	-1.28257161354226	-0.569270428983095	2.12708678986984	-3.33116577332683	-3.67129387492967	-0.480960161989201	-1.68182489318577	-0.686195191543027	-2.69835002774152
FAK.R.C_GBL9026218	2.77034440255238	-4.0813779583142	0.749427024774026	-5.99953896814573	-0.248693451475253	2.87958963600257	2.86318600092134	1.81610998740425	-2.40115362775965	-0.549037413975832	-0.122229137737406	-4.52874872664816	-4.04196699507866	-1.95325278179114	-6.51796049186613	-0.520918033610085	-0.93098433844663	-0.456526005967562	-3.28149051285959	0.586369947486142	-6.02518904008047	1.65683824239625	3.94665297756701	-3.655241583606	3.24350176513089	0.0765486695056784	1.53391491904886	-3.62955591425624	3.612373588424	-2.43154202440302
Fibronectin.R.C_GBL9026216	-5.95599538400671	-4.18612817756431	2.03043972868584	1.1409607349733	-0.0807541190578705	0.764507423842286	9.53604875043091	2.61160071651654	-0.0352403942176643	5.47834408308538	3.65586026421354	-3.35333120347805	4.54223113311242	1.44102566615735	-1.1227919651709	-1.93518361711728	0.998316791806365	-2.92852980713327	-4.24219530635016	1.0286141413195	0.0596524131065719	8.47434966743106	4.11225571168703	2.43682584034474	5.46044411076981	6.62604425670717	-2.44188361289886	2.87334779116332	8.2278625659082	0.0697796142580097
FOXO3a.R.C_GBL9026219	2.83539892466735	0.90759242715161	0.427666406001648	-0.887277482056056	-2.40747611051948	1.63036707238435	7.63210059973927	1.68964205175673	0.906984818335193	5.0298251631588	4.08739698775125	2.8299271567489	-4.77715825885589	-0.374427146796478	3.58124477945348	0.346688014132074	-4.08795582284838	4.8527399750194	-5.61249569941082	1.53484952231242	0.158022517261109	-4.88155855653144	-4.04926676861705	-0.39935809271617	4.99795814421326	-4.25197146379549	0.494045440080109	-5.77654163379019	3.19356243018009	1.37105846728015
FOXO3a_pS318_S321.R.C_GBL9026220	-10.1088308096592	0.63025028871421	1.99742661044659	-9.34055063905221	-3.29930980152571	4.73370780419766	-8.59260152493971	4.59269318220059	-11.1137030931299	-7.36489497996954	1.47775056625085	-1.09658734886486	-3.0592965929545	-3.45639812424331	-21.5056406986978	-5.53765905693399	4.62111938886522	-11.7996574210145	13.1686985745971	6.9751270497934	-4.80418031352011	-3.82289124507115	4.80668933430808	8.47257204601194	-6.54916963475706	8.41239380992161	9.80578571362756	-2.98247605044344	4.61038215448641	-4.04713047864438
GATA3.M.V_GBL9026310	5.83174860976799	-2.79488855228286	-7.20329015134491	-3.39697227034577	-1.11523108478474	2.55234895151316	-14.8373546379086	-2.50428868988409	-4.6543835749412	-3.73797961573851	2.62316022686549	-4.45759432574422	-4.65215458432616	1.14915505694978	2.84005336902238	-1.07752925391434	-4.43413871202303	-0.02689928721654	2.69272418450903	-4.55106096029731	1.04097952141447	1.14706709906383	-0.70913929438623	-2.33783147890501	3.04996966003829	6.10401743126125	0.489813681656184	-1.99020955674973	0.155893304123243	-0.443213826964446
GSK3.alpha.beta.M.V_GBL9026312	-1.40928162795741	3.59153552712852	-1.6758650783408	3.59946016441187	0.630204316104267	-4.96086020551926	-1.08877259745625	-8.2550902298631	0.101285382610973	0.626705613084449	2.45405589935322	-1.73089272548099	1.77744662863013	4.28519952033603	1.26535344417617	3.90272569437127	10.6374359189338	3.43250748903118	1.77845053305431	-0.6382053534632	-6.65066830466089	-7.99635136011074	0.262135486977494	0.147067121393399	-9.46602421104136	-1.65179079705466	-0.012134111130127	-3.70506302476118	4.06565031140465	-3.36676461743507
GSK3.alpha.beta_pS21_S9.R.V_GBL9026222	3.38985849705713	-5.34912979039318	9.00319603277107	-4.61997301483232	-8.61383497536971	-2.46728950380104	-3.31587619288386	7.09172152271929	-5.71585674628056	-7.93702440025577	12.2577021544673	-1.46974480995988	-4.98831469172221	-2.09518974123415	7.02310576319254	6.16935171035634	0.541467208370499	-3.78648705008357	-1.18102729186351	-10.462886236517	8.13197245615854	-0.543739561096232	-0.708450375369648	3.11947811273355	-6.83843892566999	6.01216546614005	5.38874273923278	3.63646096246074	-5.21983522322709	1.86937527213946
GSK3_pS9.R.V_GBL9026221	18.6617965730743	0.944853959449468	3.73361382984532	15.9665071393151	3.81825626960714	4.67955445053162	0.258447598499693	-6.70326025293083	-6.8569035411534	0.864291938952801	9.49175942305413	-6.34129164343092	-16.3458461039437	6.51212618481238	15.8509455543568	2.40767127568826	5.82558675903076	1.02248045913362	1.69929391713865	-5.70341182401916	-0.826410801869611	-4.77829979026559	-1.66947996895639	-6.89532164975334	-1.15281492935834	-8.51199474368123	-6.11260722869302	8.7714161536444	-11.0691326281722	9.08328785568829
HER2.M.V_GBL9026313	1.90680787721009	2.99342566976562	1.33602839876694	6.17581076656979	0.68896979868822	0.406671709732086	-1.81536562037299	5.90904278391316	2.19729570474003	-4.57084222302066	-5.03413578146173	5.18334867466684	-0.709976665433126	-2.63767501680034	-4.49566985921832	-5.43954930203848	1.52569817656616	-0.203623292869173	1.31830171636064	10.3719616932354	-2.71475018076169	-2.03161481551121	1.8475281911947	4.04753013368205	-0.340897854687022	-0.558169348587485	-1.56951737490751	4.97056966118781	2.05140482648083	-3.44597992829365
HER2_pY1248.R.V_GBL9026223	-2.52180334298654	5.23941031203301	2.51823125682015	1.37524791275647	-8.80393444919841	2.89941488419262	11.071074195592	-0.759381507396146	0.886498018778991	-1.32677502632163	5.13923922132921	1.40354937679517	3.50946678624614	2.47422371364517	-4.22705558275981	1.27029537819744	1.4804321497135	1.24610434692118	4.09323647811971	-2.43065048085892	-4.81294667305865	6.24396936122239	-0.341815982733476	3.00847073132193	-11.3132691453781	0.988176623119716	-3.184703827415	4.48237177681059	1.19904201543208	-0.034173828618473
HER3.R.V_GBL9026224	3.05424883290297	1.4808282316923	6.80788422981729	4.22767175608184	-3.89871897369957	7.93637043671701	1.50497336141955	-0.266955488934927	3.13870075637798	4.35014817633588	0.106344939887387	6.76667292065819	-2.61662558202223	-3.42343621786903	1.68994489603438	-2.81019967094593	3.3171713906308	-3.87672672096157	1.22434592465808	-1.68616341920174	-1.84770094606499	0.570845090254253	-0.959933265131384	-1.1279084416406	-3.50072924172403	1.68401517128472	-0.886731485019935	1.62688052285823	-6.63973603631943	2.41131104678859
HER3_pY1298.R.C_GBL9026225	-0.442396262269255	5.018732085206	-2.29713211351001	-0.226400726162036	0.694639458482153	0.514732594079604	6.3493172716882	-3.5983222389094	10.4460153989692	2.22752823657073	3.55975680629406	5.45066577292822	1.40694113155734	-5.78547319074776	-1.41856073738975	4.69595187109968	7.57593495742117	1.3632471490841	1.68471728878743	1.62802283395053	-0.0531280467344914	-1.97930758700883	13.4682302596006	4.05895850902988	10.8542215040639	-13.4773785796839	5.50998808602439	0.502758236311177	7.0768641926149	-0.782780534477948
IGF.1R.beta.R.C_GBL9026226	3.46723683785844	-2.84247690035869	0.827391899410271	-6.50498497289556	-2.85839707201322	0.778310335235718	1.29500559655366	2.79287080614838	-1.9322874050166	0.512306244484413	-3.52530977086895	-2.01945936722983	4.04450015526206	9.11283872347235	9.02754943834241	-4.3718529929343	-4.44167603314445	0.361817735315726	3.84234272706795	7.76384804628085	3.03132299248448	0.187081134091623	1.84487306109303	1.40330944339976	9.17785610205112	1.57926852075729	4.77124194471082	4.85243749045732	-6.91290136047982	0.939272563694001
IGFBP2.R.V_GBL9026227	-1.35970163364101	2.99962883075462	3.26999574165282	-1.38167123647413	-2.65584914400265	-1.33707110790316	6.27298005710852	-1.63138048480694	1.45360081743487	-1.39255796486478	0.961701735173786	0.760929738205586	-4.70037290518361	0.438660377220376	-2.35783356995301	0.94292331552046	-0.506476270875515	-0.89854666987626	2.21104679451542	1.04041788784719	-5.84337704641235	-3.92036562596671	-4.48995532678877	-0.0281702778012506	0.804484251348508	3.24254280344637	3.60372949854234	-0.282426068184068	-3.92919703956374	4.81936073420619
INPP4B.G.C_GBL9026331	0.624408167931866	0.0723291805135801	1.07803549666179	3.06560104370542	0.00398751453226185	2.09012265235285	2.81604143217577	-2.21165949801818	7.94569450292584	1.23614243979727	-0.234599640901485	1.92601144157178	-1.51667094710949	0.501485361184046	1.26553963138207	0.237128205930531	-5.11710164337684	-0.0369406916003991	1.63320537126101	-1.15042803010251	-0.0848467001539847	-1.1553104533241	-5.65835711803483	2.547926858318	-2.9365337743485	1.4238979116162	0.468593450767803	5.1879886341719	6.73735211118621	2.64159728902979
IRS1.R.V_GBL9026228	11.7298257606625	-1.60834794948399	-2.55087509399623	-8.06455904851391	1.26064672320446	-3.38362043611337	2.61926480494778	1.96724202666993	0.415720416363642	-2.71863224997821	1.88028692363739	10.6917059938769	-3.36403995033638	2.0756282802475	7.46811595941467	-6.66799732802604	-2.45581018357106	-5.64712082479673	6.79450315082333	2.14902160035085	6.10567786772883	8.94678340491964	2.3964558532271	-3.84586677828803	6.22462546006916	-5.29035832510718	-0.602855720573563	2.86061960710576	-0.466769677799458	-3.71115459982194
JNK_pT183_pT185.R.V_GBL9026343	3.03701874437324	2.23009875282971	4.6858634761859	0.0778045979368933	-5.40563965981566	7.09760681999275	-0.478918631094861	-5.82663307413408	7.27508170336128	-9.98679027505352	-1.58162431708664	0.882801047019328	-2.91116526941661	-7.99852786651247	6.68173703981082	-10.4330695350293	-6.35264219518917	0.569362712799535	2.31884839733574	-2.43121229976056	-5.79988429520444	1.73546511728374	13.0621432008559	-1.66123665011895	-7.23399996624759	-3.86374540783553	-12.9226853921757	7.82071239267238	-0.642174401218448	4.35328321286327
JNK2.R.C_GBL9026230	1.56193436956617	2.0352895981674	-0.712038893060803	-3.09151401422324	5.40162239665882	1.26295710643911	-0.747633065096647	7.69543362214606	-4.20557034141268	3.96494114036328	-6.19170728571342	5.73225248765171	1.30064969416419	7.70180245397767	-1.425755799959	7.12760816466306	-1.12865946639901	-1.5184751227916	-5.43490368241985	4.17634913900284	6.9692561055155	1.26173767276738	2.17769198310563	5.1640444804532	4.26070019006787	2.20941608316959	2.32818367616257	-0.755211675621779	3.22566803837881	2.11427053518427
K.Ras.M.C_GBL9026322	-1.53009655605465	-5.28223365850839	6.19463159408691	-1.21270006430883	-1.23282072085639	3.79645246616907	-3.08037877612453	-1.95819302803341	-0.12886846615015	-0.404872485339662	-3.41718176050823	-1.39682066517968	0.479429229037954	-1.98979175028241	0.428795557673506	-8.1666995514137	-3.55998925726695	1.11613512330916	-2.82834364660737	-4.34557236984767	4.38597037491319	1.40674376133987	-0.0440109312123695	-2.3901748564905	-3.63728975968156	-1.63681817039027	0.196882328649917	2.50739103428657	2.52250541096486	0.512855672844565
MAPK_pT202_Y204.R.V_GBL9026233	9.58662931392937	0.390689019192893	-4.41888816956603	11.3209782796532	-7.98845460315226	11.5293765722843	18.1261201980278	-7.17661146573117	6.2409119527108	0.410440797380658	3.18661733375095	14.5692179904816	-9.00555432577607	-4.13367548208878	15.6812967788921	-9.15140087938317	1.08857788363177	-7.96583741085843	16.7071856923712	14.5562364768966	6.85443144913481	7.88160031385407	10.9727634773665	-15.7328096555544	6.76454138895649	-10.1243395201929	-5.90607406217302	17.3619591635069	-15.7604461722741	1.46861757108245
MEK1.R.V_GBL9026234	-0.086309423193223	1.66244625535017	0.906454538189599	5.30478277405778	-2.38290182406408	5.93972618483376	0.902747162976699	-0.122324051130186	-2.94917317579325	-8.09222657813914	6.20436207701385	-5.02892314112832	-1.57652014600849	0.899849551484168	-4.63689138005487	-7.34794031118125	-5.09608748119228	1.3232825105351	-6.4037765676561	-3.34342704116609	-4.87659800882561	2.27097661060179	-1.08379452018737	5.10162216989301	-7.57660083550519	-1.84965611944926	-1.28314030673776	-5.08993024160218	-1.36249033275709	2.13308761224262
MEK1_pS217_S221.R.V_GBL9026345	-6.74967212058786	-9.45156838186949	12.4386830211084	-3.12928684241795	-5.25214695440944	5.63334979115105	4.65962608515351	-3.93918570242306	0.316969590531084	1.97209164814771	-5.84585482383425	-3.78181735290753	9.94939408169565	-4.85173618095975	-4.48227022786746	-9.37291394463545	-8.3556610565196	4.41090483643145	-6.21448255605254	2.61583069890707	-0.973617209473052	11.8655057284007	8.87972957128609	-7.16722402960692	-5.628027379327	-10.2765040729257	-2.81827170563396	5.57798632662349	0.836088185217273	-0.530093272674275
MIG.6.M.V_GBL9026315	-6.41118210630871	-5.84060306464111	-2.05981882414883	-5.40183798074327	3.73125849513853	-0.980563976125476	6.83615330560539	3.97211161446031	0.285470852436486	-0.71575613543591	-2.11077409380594	-3.5090018928792	-0.909156311284618	-0.911662925908185	-1.44179107256236	-2.15410690998735	-1.71517821250669	2.16175187281648	-2.49461710288982	-0.228571490183911	1.67571691452967	0.561388883121477	-1.40221935786676	-8.52601025410181	-2.30629386734429	-2.52906269623792	-1.64156307616276	1.6166152376728	-9.32474280869427	7.94677888728241
Mre11.R.C_GBL9026237	3.26333024269317	6.6142087470561	4.09457113805399	2.40406360141157	-0.602644374260825	1.25778879760938	3.62100704897896	-2.20562377956707	0.791199587572917	1.1871717710203	1.72719560121536	-1.5006193000106	-5.54349913271477	-4.38735296970478	3.12285625552646	-2.98964827829494	-0.597973238129898	-3.39143289671901	-3.38846224658993	-3.00777158377407	-0.897245306094907	1.36837239589116	1.7527959377084	-2.80859665278753	-3.17041959331438	1.92596771247839	1.22908310999419	-3.33438282407855	-7.53760855385358	-1.99221554862821
MSH2.M.C_GBL9026316	-1.35398746201597	-9.31015781922693	-1.56355761116917	-3.37025545387739	4.76960712527135	-1.37828471407271	-4.21832896099915	1.10325672078158	3.91735567126908	-1.63608842856786	-9.5718373794179	-4.59612184858726	-2.52845153497923	-9.43674861348732	-0.017305873257742	10.1979606159518	-3.10951157387361	4.00365741605105	4.4144357486219	0.473997141108219	-3.317637726714	-7.32872221772736	2.77836356573969	-12.8785652908482	1.59438308501252	-5.94401323974203	4.31346560759744	3.76382443441734	0.444506790262257	-1.8781250276536
MSH6.R.C_GBL9026238	3.71759676598154	-0.492250964313827	-2.27112358918382	-4.21873710075442	-4.78353958293687	4.82760293281357	0.646612972999601	-6.6527292836936	-3.2378224639335	-1.05269522213262	-3.18404355526643	-3.98292456278591	1.72437470005969	3.86404161255839	0.86907903868676	-5.18319561032432	-2.96549528446872	2.76685740952933	0.176365545460512	3.66639540546524	-0.102883236709851	-4.62694940928645	1.43807321117696	2.74235125342578	-2.7779340267404	-5.42219609682825	-4.0172683186772	-0.56985336194028	2.96040074971028	-0.69891538978915
mTOR.R.V_GBL9026239	-2.21518678194816	4.49104547885523	-3.48516528133169	7.73261733591631	5.68650230777501	0.828904825814114	3.84182444422957	-2.43183648986961	-2.32792910458111	2.451213880031	1.03094307030377	1.96590947142679	4.0434508638943	-1.54604881038669	-0.464989489210947	0.576559877845934	0.231203726871379	2.59952989074844	-0.333271934419232	4.03277155821571	2.1351030403865	-6.01772516133466	-0.779422001147617	0.765110970415032	3.84982951277731	1.73629742163674	1.84912693637345	-2.20803755862664	2.17079075995189	-2.59429639654184
mTOR_.pS2448.R.C_GBL9026240	-1.11145289931149	6.27969324050644	0.905547751121404	7.04831034928466	9.57360946771182	0.454564618077196	3.30731645362724	-8.8696928503875	9.36455441863724	-3.11383373440766	-7.03910268748979	-5.98863890629088	-3.2675567634715	4.04689893686075	9.44426867724818	3.14639889534264	15.6765763149958	7.28089212686297	-2.43770252593468	2.33295178051571	6.51235592531376	7.63477352637863	2.85648710203545	-0.464920732016999	12.3572280732878	-14.5680907296825	-4.9003925573179	7.07332679976661	6.05161978137192	4.49696175832912
N.Cadherin.R.V_GBL9026341	-0.39355581179351	1.51715544269782	4.4423023924922	2.86484993395428	5.52748840562434	1.70153090112712	-4.69645801023707	4.0702113540391	-1.64580330137431	0.583751548191473	-1.58417103440376	-2.12375861441285	-1.76943995535298	0.789734827531865	1.3781188471251	-3.67529503680186	-0.155869549302548	-7.01145334110186	-0.119061494208057	-2.70565067084483	0.895468368441976	0.331006731860104	0.324333509648092	-2.37108942968328	-0.569561854698846	4.16166288143352	-0.139181400893284	0.178613543810431	-3.11939518321097	-5.36921032324144
NF.kB.p65_pS536.R.C_GBL9026242	3.55128316613717	7.23855019613851	6.02197990426167	7.87750751468429	-5.22935851379996	3.8226666965185	0.338388147485664	-5.51647016370162	0.311481853544127	0.555200240185361	-2.27091688554494	2.70032189535646	0.272008800224767	5.41767967879874	4.32756895534292	3.33507000811084	-8.08214489471266	4.3171002954968	1.5958283519588	-1.42730577328308	4.26922708247147	2.77917683167438	-3.12161453616157	2.71530535167377	11.9881321057849	2.17454817217205	1.61865848099825	0.325260604087873	-13.3193245653979	-6.85962197968673
NF2.R.C_GBL9026243	-4.20488202242904	-5.76961567927979	4.31295088707702	0.460306507252127	0.614048964014733	-1.55360109265873	-0.918552173063591	-4.58745985458052	0.258088664781243	7.06213510790095	-1.05308503357375	0.867329359177509	-0.247259953287179	-5.30568373969103	2.39808273871004	-0.111364027873247	4.65439009999182	-2.02351601904253	-1.93160575422809	2.76013900840719	3.27328290401123	0.0263121882259722	4.59833759557038	-0.716383383800797	-4.53325790763029	-2.75757114923061	-1.99152551886429	-0.204937133825012	1.33061447827463	0.361049738565214
Notch1.R.V_GBL9026244	-0.739285452954169	1.71117176164917	3.01740122090418	-6.04641942054342	8.24551285041002	0.347414181022164	3.35675341876709	0.928900390187049	1.37209261093698	2.80398383574302	0.776388618249947	-4.50117890055845	2.77462498851557	-2.30600231614518	5.86429347581981	2.82298803265625	-3.0585955433696	-3.67237001904795	0.441862556039601	3.99915766075946	0.218001440224615	-3.30669602778069	-3.71693951550925	-3.39894351770446	1.23774804106378	-6.19677688786275	4.27339080558099	3.25737164781804	4.63677086521135	1.2893392959252
Notch3.R.C_GBL9026246	3.17873260262111	6.60839650395262	3.09817606751252	4.50701720806428	-0.807319989523852	5.30792765367554	5.47944317676806	-1.63670232500138	0.843791349535329	4.12539771774149	-6.04702185263564	-2.12659538421721	5.21161575691653	-0.0415682996539374	2.99348296589365	-0.612282480839823	-2.24858404119376	-2.6601350328884	7.62259191814906	-1.14412413346325	-6.14696427917783	0.45262771397044	1.69542739446205	7.3345843963432	0.926400688846796	-2.20656142237007	4.9414696571953	2.3098547809073	5.07922680287933	-6.61228275959339
P.Cadherin.R.C_GBL9026342	3.35204089563291	3.90110494977136	2.67157768404555	-2.07633131438182	-3.33770972105059	2.28021093545144	3.62953962141641	0.632261031039268	-0.350248198008667	-2.94392827965907	2.43057218590358	-3.26926285379713	6.61824730348035	1.26854471188135	-7.18081949154536	5.90862174555113	2.72286751385942	3.92893697308135	0.199508174132473	-5.49323878096014	-8.50910492556056	-1.93969396635365	1.09986966229126	3.55644502999421	-0.935806655875797	-4.72308313852487	-3.67420306732082	-4.16886845751176	-4.4865181813972	3.01843222525396
p21.R.C_GBL9026247	6.12276678762449	-9.64105825745079	-5.71554140231897	2.93868708461529	-7.69448940875398	3.90590964096027	-5.90041043379713	-4.01924910857611	4.10379455121166	0.397214271335945	-12.7093995790234	0.503115565241951	-10.4028512763832	-0.609115559020853	5.98429100750256	2.34639883965142	-6.6397047774245	6.03727897180897	-6.30703000297116	-11.7261391456377	-15.6089270196808	-6.72984305622506	-5.23428839470916	-10.3687838794151	-6.23689050551982	5.43628624535005	-9.42295219774217	-5.24839903119492	-6.000173584929	3.5199787305159
p27.R.V_GBL9026248	-6.57020501141781	-7.1498048297253	7.26654852982738	-3.72249480007887	0.478052661931128	-3.70450673828169	4.04144035337548	-4.47291403197982	-12.9047316558145	-4.43115207250355	2.8515612784358	-3.60836290461076	0.413214212826091	8.75209124578853	0.542892955859827	-14.8015754679933	-8.03230275984097	-9.89913506567754	3.72409087684099	0.33607698080759	-0.707598938616665	1.08675425966234	-5.23491129611045	3.48061527225912	4.85708645920496	-8.74595763429311	3.31888242136544	0.204013237813817	-14.6493373710696	-4.00999035227414
p27_pT157.R.C_GBL9026249	-3.4707996824175	-4.34997569434002	3.27563212112991	-6.54704457088485	-2.34121802648613	0.140308280996407	-17.1142523765887	6.7463255302129	-14.1182926184362	-1.812223865302	3.2850417503018	4.08412225312414	1.53496591985092	4.63724724323166	-14.1982816594421	-11.087407640299	-14.0162509995206	-15.0659014462947	3.66780959070473	6.59207369902012	-2.86846102767702	-8.38814640366651	-2.49838138052431	14.4582185806514	3.35666191853984	3.11824231676456	9.3324372735589	0.218692146578348	-1.92579303509442	-7.54596747701826
p27_pT198.R.V_GBL9026250	-10.7346044054676	-0.0646528895359474	-1.68140211240148	-7.10933089480897	-4.51509038818009	-3.5941349139987	-13.4229299916533	0.914718397227311	-21.2097979363256	1.51754625105955	4.97408336772257	-4.59650178703929	-5.64485667214452	6.70666623185514	-4.82188141023995	-8.56522884707171	-13.4636218479859	-14.8869468011702	10.8957204642504	7.33130939108284	-0.445770091462416	-9.55572570840547	-5.51223694694137	16.0357983067249	1.40494499716741	0.952620634219269	5.52724185935537	-3.26779169095588	1.04450332253532	-10.2835443600549
p38_MAPK.R.C_GBL9026251	-0.820436494290291	-0.997790739296327	5.6507853183861	6.71731643847594	1.30894247209723	-5.07236889805059	-2.96201414474529	7.36614299870765	2.18265645428529	5.24526563616252	-3.47580342185914	0.39573826211754	-3.53431017020157	-1.31920952497596	5.67209639877246	2.46564804297849	-1.9007582898483	0.194972027630608	-12.4875243770942	-0.108775753851394	-0.81640426183337	5.9609605743182	0.282400760439347	-0.162033440161156	7.18069665945241	-4.92032829023185	0.584346993494412	-0.235046909854515	-0.425061433516555	4.53209779313399
p38_pT180_Y182.R.V_GBL9026252	3.70130474129089	0.983044583792423	8.36899703900068	2.67600146645193	-2.83400483538301	1.536664403739	3.57946798444159	-3.77503498712142	-3.99274734347242	-7.81928624204137	-8.71090777244696	2.37184094005872	-8.47945010584166	2.7547957878232	0.984869202098927	6.50969068724005	-13.8307398850391	-2.46222883245237	-4.41108991438025	-2.62711909117183	-1.09811004131607	-3.06081305400646	3.78807132127576	-2.27642901156855	7.43566651998766	-0.872523507700813	1.8473961120492	5.13664296714206	-4.68348940766028	-0.252680212149514
p53.R.V_GBL9026346	-4.36912915985722	-6.02126837037401	0.728158899410394	-3.97347156866634	2.85365063686007	-9.58229093591871	-1.57326983755269	3.63570267742899	4.85965690517352	-2.69271585369721	3.24190463292181	-1.64264755222099	-2.79410603831595	-4.0244461839302	-3.58211698240965	1.30662510884885	3.67724053142374	0.75473320497363	-2.159213566295	-2.21702064778054	-3.46521149032405	-0.306548597321699	7.43127796318701	-6.99492487753832	-8.03343725577846	-8.57276012027213	2.41207966498319	5.91996949294993	4.92552170135465	2.26809907848355
p70S6K.R.V_GBL9026254	-2.0645608868398	3.86338279966182	3.16735435105402	-2.75133275676203	1.0560396142241	-3.5462736285695	-1.60921836179596	-2.42228539107893	2.75830852203744	-3.1289039033109	1.15414694146504	-7.23536373485333	-2.29670315680398	5.24740124418593	1.87541485189926	0.375365169376879	8.78102644842298	4.10609373176822	0.15672279373289	-4.62198530358874	-0.706047588495305	6.02950303521839	0.997736353150351	3.14316179484707	-0.747058529779195	3.62557150734329	-1.24982549253646	6.370780747434	3.05182644386268	6.36331715089387
p70S6K_pT389.R.V_GBL9026255	2.88284262304084	-2.1115982204486	1.82016755773878	3.06064662015373	2.81635898648801	3.72398743402336	11.1221937430906	4.13857687647957	2.32940971810745	-3.88924116783775	7.46109730520848	1.57380221061825	-1.87174383982642	5.10614662581799	21.6929943445894	-1.63769535050572	2.48291129656774	0.959705050104111	5.15310726812347	4.67889740892743	8.36842657377424	3.25862256468141	-5.3746258019297	-7.20525504628716	6.97350459953949	-4.79200133726681	-5.83689683919133	4.99128041838708	0.399670517248149	4.76012478950067
p90RSK_pT359_S363.R.C_GBL9026256	7.99657305497176	-0.197410632251638	1.35594489994588	-0.0483725188712744	-0.193242275330884	-1.72181635659928	-3.36199970979396	-4.53607615519587	4.50907972704349	0.254172832248394	10.2687835877888	2.32692552613191	-1.08109117597417	-0.0845392480730361	2.34258024433834	2.02233223368215	0.276959725712498	-2.79921124826765	6.18853640060914	-8.99164888242414	2.72991687039343	-1.18490798494072	-0.455136189583936	-2.88610380080898	2.29671283894919	1.82697927390043	-1.19886684911645	10.6058753941021	-11.9280407482099	-6.11337614788401
PARP_cleaved.M.C_GBL9026317	0	0	0	0	0	0	0	0	0	0	0	0	0	0	0	0	0	0	0	0	0	0	0	0	0	0	0	0	0	0
Paxillin.R.V_GBL9026257	-2.52522418703566	8.57626200538843	3.93865603869462	7.93774304467337	3.72243825121715	-5.03837702827748	4.73174985081424	-3.04391380634268	-1.15827844964233	3.41777141491254	-1.76142846435738	-3.65374487143621	5.54659837471319	-2.26601899785823	2.50238668585528	-1.89880740892322	0.227457874370905	-5.72945638704543	4.60495119907967	2.16007518835821	-5.64843894236602	-1.07886072209247	-5.31862343172747	-1.63623350936882	5.30152711755964	7.61586432075889	-1.80720475823083	-4.65839242613182	1.14541013189298	-0.947713020764625
PCNA.M.V_GBL9026318	0	0	0	0	0	0	0	0	0	0	0	0	0	0	0	0	0	0	0	0	0	0	0	0	0	0	0	0	0	0
PDK1_pS241.R.V_GBL9026258	4.06391787203845	1.2377545367924	1.03744157229727	-1.16241195305756	-0.995229716045056	-2.19767969174438	2.67104562134349	3.91175822545348	7.974816406393	-6.66083687738199	8.7513393510223	0.0263963921820451	5.11821356598314	-1.12275489701769	1.02413099960119	6.85349655549721	3.88858634118534	0.0359378181920859	7.4166586231761	1.76856619678268	9.41123718302577	4.53289334095159	3.72388244298843	-1.67609717998885	8.9342267504093	-12.7219374931737	6.33667146966951	7.39584912733374	3.10352354853911	7.41986451519372
PI3K.p110.alpha.R.C_GBL9026269	-5.85930020602287	0.973087534646836	-0.570161660843872	-2.16640217757893	0.175017833515516	-0.578863721848572	-2.73993459284581	3.39075505995698	2.22071706433953	-6.73604958701872	6.02317206951262	-4.06099771185788	-4.31626533211198	1.68350770816278	3.64375726563792	-0.184615168626044	1.38623415610329	1.57997307192465	-0.187474980186972	4.18799203105442	-0.262449304783523	-2.92718473486545	-5.28901308959189	2.15417636940288	2.2603136297605	1.42774493535238	0.0467445587502678	-5.81993341225308	-0.507447904988895	4.44822869517204
PI3K.p85.R.V_GBL9026270	-3.2652395988219	-2.68455487536027	1.59014093592348	2.77025942095007	-6.73404787015644	4.29469314623013	2.08309410395607	12.7934304362496	0.444963687323356	3.03158393314093	-3.65357583281108	0.577537299723093	-2.541767827475	-5.54883436586531	-0.79414920324354	-0.0740124157533588	-7.34078238282626	-2.26891136768617	-3.08123074140722	-2.69188648520066	3.49041865767438	-1.7530395783953	0.503771128710852	3.02351360917877	0.857208154251144	-0.948176262396655	4.53963016785073	3.0536928793302	2.19276626271014	7.12459053310732
PKC.alpha.M.V_GBL9026319	1.48294476433513	-7.37461373330804	0.530354382268457	0.213809695464739	-1.74411132509311	-3.28698612773303	-2.01712084330063	3.11154982158206	-0.230753553189428	0.195938483701078	-3.20269582045523	0.715081986840777	-4.04104441036766	1.77311708188572	-2.12280986242733	1.04550710140717	-1.34897062744405	5.23739766083754	-1.13859130696239	-3.3530190669359	-0.00849026604001141	-5.41365481201409	5.07730620335734	-2.01941840714104	-8.29034377433846	1.87253998905919	4.62113778340389	8.27379487317406	-4.86046078778395	1.1602401504772
PKC.alpha_pS657.R.V_GBL9026271	0.230698341147165	6.70474054645296	0.846879583566094	2.32655738057667	-1.85318630109287	7.18298738993982	0.173415026538286	-9.1354237211683	9.79231571740138	-5.79990878725001	4.05319213198545	7.80399464553966	1.93691205509915	1.97883003482475	-2.99563232188735	-0.503314480850749	4.34316055899271	-9.15398822464083	11.1457502661034	1.79903718251403	-4.62842406426035	3.2556366705846	0.223296917474217	-7.54815803925226	5.10360568637297	-13.7118480328964	0.169339855134565	9.56960446161581	-4.47188641815597	-8.19578253010791
PR.R.V_GBL9026272	5.21913750038865	3.63819610750433	-3.48479878607639	4.84309563252603	-0.00451349559437086	-9.44911404045882	4.05947485582338	-0.190422462013379	-0.640188482593022	3.18678444480843	3.67131076202461	5.67550858644359	-1.76146261166861	-0.847567634563142	0.708268346812382	0.531077863122278	7.2043954138492	-2.06447049678997	5.1282333849111	-0.276611462103477	4.73764450027369	-1.20922827430289	-2.90800592459599	-8.00512324529403	-0.18687716969032	-3.49241512812228	2.76526270098687	2.3025082140485	-1.17410758706477	-3.87139212763352
PRAS40_pT246.R.V_GBL9026273	0.948464605033512	1.39343855905017	-4.07375235882766	11.9720310346041	6.87791678906277	11.5145962743484	0.777245749402323	-6.75281117125369	0.159684598486743	2.14996524992385	-3.99417658149435	-4.96573227992794	0.781993543404273	3.8866980185603	0.905910078940881	4.41642900501014	3.55239592780958	7.46600804497247	-1.82756454855534	5.07337672110281	2.39911782243626	-3.68847363035221	-3.00110131490917	-7.39907966567556	6.53986448747027	0.68035507611616	1.85123743128669	-3.66717701034002	2.74799222633128	1.36659369181838
PTCH.R.C_GBL9026274	-4.96833589818189	1.60809599035267	-0.823160186532434	-4.2905976089513	7.1285520560907	-1.97966918105856	-10.4703809184863	-7.04806771158639	-1.77189030948573	-8.44542208566415	6.35506395472356	-4.28341532497786	1.47506658664394	2.49499589280873	-3.57348581571211	4.11295484268738	10.6120422974503	-4.21790266106339	7.72832771652431	-5.39690459937674	-8.48354943063425	4.2706112993006	-1.80667716982837	-5.47133333456236	-11.7212924625303	-3.87329093010054	-1.54514399070082	4.10051113231955	-4.1067594368243	0.604046471501857
PTEN.R.V_GBL9026275	-3.09187944905753	-1.47619342618122	1.09682988296858	0.266654119985504	-1.55306677484015	-2.36356987112406	0.689409006846843	-2.2022907930875	-2.50824108601113	-0.876684407607914	3.73178739333567	3.44790523371671	0.639608671056313	3.26798725860241	2.74574272911174	-3.80436093707755	-6.85564757663179	1.57112088924492	-2.47788973379735	-3.73664661162942	-4.6868249865003	2.88885776622034	-1.2954351870869	0.0397417246130955	-4.67675108059138	-4.83185238667555	2.11655972343895	3.47042611230777	-3.1181579126242	5.34416500972897
Rab11.R.V_GBL9026276	-1.0519393160798	3.70331389945377	-2.05728180833973	-2.29621595323265	2.68317192090107	-3.14114033174478	1.80526231912875	-4.01521360718675	4.31623008063929	-3.92362639614233	0.408043269154599	1.03694911859616	1.23266980250999	0.288662381804429	-0.692881921176452	-0.849442183498508	-0.829861949781798	-0.686754018822967	4.06689818534122	1.51199923065974	-3.18902233719534	2.33729853959693	2.00981623506043	2.93699029142597	-4.87198818825717	0.540253330336004	3.8821842909093	-2.01992578505834	-0.182661275329132	5.13633942346698
Rab25.R.C_GBL9026277	8.25970295523536	1.79217584528893	-1.71290231498666	0.449375613962294	0.995211750482929	3.58748367450659	9.05926287788058	4.78724056029501	-2.37842731874043	-0.432753115930678	-0.0904404962711774	2.74851282518217	-3.42507282926835	3.51415254765255	2.37462259904826	2.64596789089437	-3.27648443391287	-5.27018239173276	-1.36877746219657	-2.4583827989773	3.82781982305284	0.0604617462318527	9.744123115728	-1.22633974577512	-2.85847707197911	1.1395166287586	4.06190196110503	5.35531790368692	1.62515291843245	-6.48870943180386
Rad50.M.C_GBL9026320	-1.98520734053375	-6.84776664012915	2.09978603597013	5.54631524874161	-0.148487208791087	3.79152807052015	2.79176088049179	6.64665627378632	-0.643006184829626	-1.40263388261829	-0.269616317498435	-8.8705720339774	2.82411215331066	-4.81393966521853	-2.58241661910738	-0.551972668533102	0.903861408907847	2.68323742792577	-2.97810597039982	0.428982858726925	-3.57739901412172	4.73626012119444	3.37884163915966	-0.835585868856747	-3.47919174691773	4.84719926359929	4.05989190957721	5.04480748539365	3.08609892737714	-0.762335900997457
Rad51.M.C_GBL9026321	-3.2432288647018	-4.57822473050435	-2.76611622689021	-0.425117341427054	4.9917721281679	1.79587642909306	-4.44275158993692	2.82429383483277	-3.0466923510553	-1.42415292165006	-1.9156631631048	-3.7577951194352	-7.68997844812666	-2.51171600530661	-1.74585833621785	1.84450812372099	3.94318847546393	-1.01904631818881	4.93679583583077	-4.22666157960803	1.36169388408798	-1.16727831182679	4.3731264277799	9.89827587563017	4.18994913254933	-2.44494433087538	4.91882762980537	-1.46491271484925	-2.67222003775386	-3.79275118642506
Rb.M.V_GBL9026323	-0.461978590048762	-5.81756420086622	-5.37359174037883	-2.30902203913864	1.70516354287196	-5.52059309959589	-3.53013946711105	0.221512520929127	-0.351392069160404	0.0329503554895078	-5.67779656436706	-7.19221817166303	-2.33184958936519	-6.39902413485098	-2.05509603813077	5.55092878577616	-1.45526419424602	-0.580497805845421	3.58891182309574	-2.9174802691807	-5.73890534310437	-3.92432691212913	4.18357904541454	-3.3454958580302	-3.05779397148893	-4.76280728009168	6.46261051469316	4.12538670932057	-0.908533320255899	-4.38751604107805
Rb_pS807_S811.R.V_GBL9026280	-2.9741571008733	5.81013729568515	-1.28111860732699	4.52674838005069	-3.81916095427274	-0.986563972162143	-1.77772305234415	12.2882558054741	12.9048796514349	0.537815204559179	0.557829152321294	0.0921498438543103	4.14879991762155	15.3333335184252	7.8732337755828	6.9353044699872	-6.49613691126252	8.34316494830105	-22.4870023360983	1.35826430749459	-13.4851506868806	-10.2850088284481	-3.79391069392308	4.22810514881112	-1.32658510001349	-8.99793584317625	3.45926243021383	3.03515703833766	-8.18365997734378	3.92040368099422
S6_pS235_S236.R.V_GBL9026281	-1.45616580579304	1.69254856200951	3.93236337735837	-2.67382555490068	5.49127814440912	2.18332091323722	-0.565038731489779	-3.68432042852484	-0.702738554344918	-3.86982804856863	-3.03754053302788	-1.60252083107938	3.99362252758234	-1.0571585886542	3.77067841449664	-0.905277178626	7.53142426125811	1.16765775822807	8.76231574165278	2.6017922527731	1.25380482922279	1.06159526680394	3.03409984925787	1.87538426518598	2.71021483051098	8.51034380689613	3.70210721383093	0.326676864720948	4.14255843760414	-3.27270385905139
S6_pS240_S244.R.V_GBL9026282	-3.33158194188285	5.94921654510943	5.42126525254928	3.10215242825786	8.52149684669254	5.8430048351673	-0.803817892018498	-1.93370846354841	-2.83347582230093	-8.63436905551081	-3.98809724865354	-5.97067663371913	0.32376271182094	-0.0425232077004705	6.71075614080004	-3.75932931266355	9.92666548498809	-3.25057351606762	4.11236021843357	2.77433678405908	4.28938186621677	-6.82519063279163	-1.01999266921555	-2.60300934036616	6.9877161625506	3.10455050729369	3.45207402968832	10.5294436451821	4.65017405830561	3.0926265313896
Smac.M.V_GBL9026324	-3.59263763354489	-0.553775381872618	0.244268608036863	8.06609759266048	-1.34223659844832	0.518073730599324	0.68177098562924	-0.107212397074308	-1.29410551115595	-7.4232021918372	0.800630194781515	0.159420492565451	2.80806101151542	-5.68845768048759	-5.57032331092009	1.31427869252581	1.45467997225618	-3.60939488199478	-4.08583777864251	2.3483436043787	-2.04522373575409	-1.13732485232106	5.66086585881815	-5.05320039074815	-4.5883209441259	1.24391525363689	-1.9052909080851	2.69294658107771	5.73195867872182	0.371641967422634
Smad1.R.V_GBL9026283	0	0	0	0	0	0	0	0	0	0	0	0	0	0	0	0	0	0	0	0	0	0	0	0	0	0	0	0	0	0
Smad3.R.V_GBL9026284	0	0	0	0	0	0	0	0	0	0	0	0	0	0	0	0	0	0	0	0	0	0	0	0	0	0	0	0	0	0
Smad4.M.V_GBL9026325	0	0	0	0	0	0	0	0	0	0	0	0	0	0	0	0	0	0	0	0	0	0	0	0	0	0	0	0	0	0
Snail.M.C_GBL9026326	0.603054356820871	-2.0040812756247	5.5500661313889	2.16072202439338	0.1911261140576	3.84115644747535	-5.52492323700951	-2.31343963642127	-0.859124809405654	6.59526864857572	-1.82981472422685	9.2315996290447	-0.174839105597621	8.82313774292146	3.92209520231584	-2.34442727330424	-1.94734032631272	-1.85052619398517	1.70083862142585	-5.14196612999745	-4.04679890115597	-1.38822801784627	2.23159510710487	-3.73446496979604	1.44328970702053	4.78773098619587	3.51883710250899	-9.67486788663786	3.50108844638901	-1.06730538482169
Src.M.V_GBL9026327	-2.84476581358811	-2.62678001907921	2.75212048199552	-5.14690620416959	1.84797691938856	-1.55419248387031	2.76322926764799	-0.40959408096645	1.47557423107209	0.395046885535252	3.02200965294849	-2.05158244728205	0.436814672546142	2.51778808340884	-0.762113758210944	-1.95916621630363	2.11730811723328	-4.74527498185355	0.7952005065542	3.25015365145123	1.79006727249642	4.70465401959022	3.51766749036945	-5.98914149576433	-4.4890849022604	-3.91964772248313	-3.85400612930257	-1.32538246255347	0.734231460573723	-0.961503931653004
Src_pY416.R.C_GBL9026285	20.2737569593501	7.83882696903716	-0.173254299701987	4.84141778499095	-0.60674476091969	-4.87375799473729	-1.12406763263717	-9.74738506339084	6.25098352544512	-7.73422766913575	-4.13864875650056	4.19722082900573	-4.23585752030386	-11.9101388450038	5.10006582249195	-3.25223351694211	4.95749211724512	4.03172800674443	-6.64497871889839	0.79109700476059	12.0991152213744	6.73357384700816	14.1591472963513	-2.4411415672192	8.71794494816554	-12.3036959297821	5.16830952946867	-2.85548080520273	-0.0401811785756845	8.32917049701191
Src_pY527.R.V_GBL9026286	-18.2547580668686	-4.92976927444828	4.46694503228481	-7.98883134234076	2.21266668936742	12.18455208454	8.45801464736742	-1.23361956271437	-6.9040286869451	-0.147565287742798	3.15321589765001	-8.04974392456927	7.77475502352894	12.5070195300407	-8.7604588743835	-2.05026007950254	-2.42327210511301	-1.31712703078699	0.800238508856874	-5.43883942692428	-2.74101921673563	1.34544229693582	-9.75908949213974	4.80256917385345	-8.3125270862549	11.3284572714226	-6.67396524404657	2.63047998948165	-0.634674474672329	-10.7956493690475
STAT3_pY705.R.V_GBL9026287	10.342574766739	8.69900234559436	8.36830115529961	12.0517020708896	-1.30240539550543	8.04360525203471	8.46678562778043	-11.2819826800965	9.59274575119882	0.584198447039456	-1.50836491702998	-3.50116809608907	-10.8280672126968	14.1842408453691	21.6813465899245	5.37710140028944	1.48897083251211	9.7072990334415	-8.15546821408238	10.8044397530041	8.80666784083851	11.2637047018513	5.65117866199259	-12.9867193642135	21.3042217143643	-10.1470510597711	-6.3138735548219	17.7614108206806	-14.2995054966393	22.9804278106701
STAT5.alpha.R.V_GBL9026288	1.3190526972916	-5.80305747746499	4.25989388785626	-1.85239405469713	-1.53669910492033	2.06405093148937	-0.00349975517011442	10.0021493504645	0.365184687207273	1.74240684902091	-3.83993966118965	3.98818611221586	-1.69280685915177	-0.459584635093167	-2.94775337019435	0.167378664871619	-7.67875099699383	1.18135997505008	-8.72288630220013	-0.179824908459109	0.318957015779514	2.08073686767586	2.29760694203924	5.02911535150782	8.76056652396067	5.5686308147907	-0.188590999618119	2.27214575271416	4.20312223575543	-1.56562585025498
Stathmin.R.V_GBL9026289	5.06540662151808	-1.3388178497144	-2.93668252407366	4.08718647997581	1.29695683391232	-3.22480127733777	4.11651338828976	0.207855258353109	-3.63969528683317	2.93802570761626	-8.6037240250247	4.37006681724914	-2.62163034433413	-6.48057017983661	10.4243161144492	-5.07827784029144	-10.7297926150477	-1.65702085502929	-6.89742925024821	6.24961260058262	14.270026302193	-0.117930570750419	2.40223927321002	1.38820247159708	9.99105933982792	-6.73457400196694	2.87889675570931	-3.19317171330614	-0.209567493135216	1.37770282656434
Syk.M.V_GBL9026328	-2.11648426446059	0.362896164023796	-3.19901081712269	1.70052243097256	-4.50371483212994	-1.28351956744943	-3.52619231171796	-6.18713957695091	2.11089578022255	0.452118382117536	-0.297162873877535	3.65532081596545	-2.61938569129653	5.08957522244007	0.312566768455973	-1.44323865766473	-1.93192594930975	-2.71635762845553	3.72970581768674	-2.69401384981711	-0.0627853862273841	-3.17756739178012	0.742383652035722	0.42751001076226	8.1042793712256	0.0342807348603196	-0.0691862682891312	7.01160745249169	-12.2123309461502	-7.54475721249604
Tau.M.C_GBL9026329	-3.23925922143312	5.33925822720013	2.29029278696521	4.64436651069886	-0.399209146016449	2.74935222582686	0.230816696500861	1.44128717944652	5.24578690182983	3.07725782648713	-4.65913809021172	6.96627140904631	1.22429987980245	0.144406324988417	-3.35071161149156	-2.4987543428982	1.78499736288819	1.20202271542639	-4.39446682044658	0.744865046191668	4.67801032770033	-0.837227760225273	1.01530802878843	-1.42873290294403	3.52388048102687	0.262640052439413	-6.31939312228257	1.90863094454019	1.22070496389231	1.32033553257143
TAZ_pS89.R.C_GBL9026290	-0.693993179353775	0.686803817774044	4.35301110687577	0.455432120560187	8.94644753345094	2.55133639637237	3.82251538263526	2.86583447122054	-0.991945690869508	2.1112710236578	0.793612873576204	-0.551461446884082	5.12906907695596	-0.169810530057673	3.66645499408209	1.26170234920458	0.466586443766214	2.79326883865189	1.47229660952752	-1.74556691398163	7.3936686752343	3.5606303986077	-5.91783439004143	5.32607895294765	-3.27385565864819	-2.97021849930781	-0.857977176262872	-2.59071344441906	1.73794725475633	-2.82407171832932
TFF1.R.V_GBL9026291	-2.70527875582498	-1.38435100747129	-7.64273904917599	-1.86688119774351	-0.283069608686368	6.14991206597518	-3.0217433771226	-2.93503734066762	4.86115818573978	7.00929064271348	-12.9346770054357	1.58884772302571	-0.298267740741555	4.48820606574012	-2.24199356285683	0.69544014661749	-1.64698416021516	6.61995050922398	-1.01301401826113	-7.02701643143887	-13.3388238819854	-3.19130005366184	-0.682331923815737	5.90843531582783	-9.81896213803076	2.79477924776822	5.03605491858505	-8.90915509866199	-3.79210329032986	3.77748413097961
TIGAR.R.V_GBL9026292	0	0	0	0	0	0	0	0	0	0	0	0	0	0	0	0	0	0	0	0	0	0	0	0	0	0	0	0	0	0
Tuberin.R.C_GBL9026293	4.00183452261849	-6.42413872633608	-0.022678760204387	-2.30597184724074	2.33332903925469	-4.03045771601027	0.731336199989418	5.04377569123319	2.43568366168422	-0.434400988328442	2.18230945374326	-4.39478739588194	-0.112060107899333	6.2987359529669	2.32420205332004	2.77967033832243	0.805726232656545	-0.803655785356913	-1.2360054772525	2.63019315674206	5.914257417157	-2.03112486081913	3.80267990846955	-8.41986568105272	1.51089267123503	-10.4902445380404	2.23993613215189	1.17001202481571	-5.91467094133717	0.690260374975181
VASP.R.C_GBL9026294	3.81773544854148	-2.69382742733372	3.64826648654786	1.80675809675763	1.14021558164453	6.95797788416755	0.66774582799724	-1.80407297883197	-4.37343593443282	8.75887610819513	4.1342647622452	-2.25391356995514	0.36983157780177	0.943484250665838	1.26689016799826	-5.0745319026992	1.76787840359375	-4.59563884368875	0.520227098669275	1.67783257807493	-2.253526420725	-2.36054294957147	-0.443545467647639	2.72165881412622	1.10584174466463	6.6850435525549	-4.89887276693838	-1.86854984819403	0.493440759501855	-1.65025949056204
VEGFR2.R.V_GBL9026347	2.09747779104383	7.0038817607074	2.88840102785095	3.78012499213055	-3.08412306673893	1.47180629048077	0.660537023106293	-0.458197255439541	0.241768893278169	3.85789843495355	-0.949752486229582	-2.40443972902502	-4.97874010987908	2.45376958853259	3.42289817890813	4.7491803484799	2.60030490926959	-3.89940454995893	-2.93602602776612	6.86895068865473	-1.81476948320533	-3.11183764230808	0.748640578178381	-2.10286271055479	-1.78975028117273	1.46713872132402	5.69626461986218	-3.00545260722259	2.255941928465	0.544015671516251
XIAP.R.C_GBL9026296	2.95815421417529	0.962570443380883	-0.145571379325551	1.39835731064313	-3.62563339936461	2.04554400747727	2.80942784209028	2.30919370506488	0.380706637305795	1.88848002144692	4.67056919128183	-4.44182248105072	-4.41469917956867	2.82794546928553	1.45694247952652	-5.65823540567088	1.37014379028617	4.17021284989596	-2.77452309784334	2.22183447861059	5.28144351538811	5.47496551553827	1.58371208296952	2.58674952362706	0.683661035281828	-0.00915177067845554	-2.3280365923391	-1.78651784571713	4.28440746767954	-1.55607430853168
XRCC1.R.C_GBL9026297	0	0	0	0	0	0	0	0	0	0	0	0	0	0	0	0	0	0	0	0	0	0	0	0	0	0	0	0	0	0
YAP.R.V_GBL9026298	-0.256337377083157	-0.121732275424809	-4.02899890577032	-0.470570858453003	0.214816833108954	3.18514671330232	2.94882960800211	4.01658915476193	2.15774675024869	5.29377649221555	2.1627726860964	-3.38676432273006	1.04029425413878	-5.93199745454896	-3.32251215953987	-0.495417315525454	-5.19864495365907	0.331759178417019	1.13814520631527	4.53343133869438	1.89190741228835	-0.452066880948468	-2.16911951219092	-2.07935967770991	-8.72727631530272	-1.59421042680524	8.41885518754404	0.834245175895106	-0.704553067230777	3.70488152266698
YAP_pS127.R.C_GBL9026299	0.870657197721037	-2.11556611538886	-4.81416670468066	7.11912936354427	6.19739105059486	0.946305666221113	10.1702564999619	-7.39052939113877	-3.49661202754009	4.14185837718045	-4.56174104577816	-8.92055490140729	4.78987746284713	-1.28573293945644	1.43629671902072	4.16445063059956	2.86690667841186	10.3702957170899	1.85611615727846	-0.115666128251604	-2.05473192966257	8.87124286994751	-1.54723554024746	4.28557963292624	-0.179085361171944	-4.27128479283329	-3.93113716265243	4.8232729811035	-0.987874360828099	3.1533237347814
YB.1.R.V_GBL9026332	7.40656220978362	-3.33577376848338	1.23786672747315	-1.03548775815502	-3.13960730057901	6.77103869625845	-1.48475784588072	-3.15038818364208	2.83222883245232	9.31407169777931	1.60622272598913	-1.38706578426219	3.23849272050903	3.2192261615295	5.73642379383858	2.17131025941514	-5.56104003381696	-1.64915920829091	5.09642486487584	-4.30855598350522	0.297728140775859	-3.46647060392734	0.376128269288976	1.31384481776535	4.33473056651963	1.69148559256929	-1.38690375464544	-1.00735987956277	-4.66642323418657	6.99081911820287
YB.1_pS102.R.V_GBL9026333	4.25055490340579	-3.96330048815971	0.821303450038438	0.514440649299997	6.23984889416515	4.72288088941784	2.52766787528717	1.80542447144193	-0.467918396849656	-1.54935504865265	-5.26050869941029	-2.37580362426567	0.217675358653784	-2.56374120926358	7.3637242091687	0.0278866288011633	3.56805814664249	8.420734296437	-4.64709568927682	6.4291110922472	0.973514756251378	3.44535971606711	-6.48125016026659	-4.07114480891919	10.5930138971079	-10.1609583593721	-5.06971556304217	1.9852971244359	-8.12419589522855	-5.11061561967786
