ID1	changeInclude	change	FDRp
p21.R.V_GBL1033880	11.6722045607604	11.6722045607604	0.675388890876622
Mcl.1.R.V_GBL1033861	9.66060320097967	9.66060320097967	0.402718097021647
PDGFR.beta.R.V_GBL1033862	8.52014614946732	8.52014614946732	0.088634787611835
PDK1.R.V_GBL1033813	6.98677142721301	6.98677142721301	0.0919408208323343
EGFR.R.V_GBL1033837	6.77864001593303	6.77864001593303	0.923069812179751
JNK2.R.C_GBL1033799	6.76084490141355	6.76084490141355	0.86723465913528
p38.R.V_GBL1033807	6.69568892612292	6.69568892612292	0.726141472405365
INPP4b.R.V_GBL1033826	6.65292522404272	6.65292522404272	0.282271987986491
Rad51.R.V_GBL1033870	6.28491995977887	6.28491995977887	0.734880828255525
N.Ras.M.V_GBL1033944	5.93460318767377	5.93460318767377	0.808126659281567
RSK.R.C_GBL1033739	0	5.76731852856014	0.990493813563089
DJ1.R.V_GBL1033777	0	5.53174486572608	0.938886115906435
MEK1.R.V_GBL1033802	0	5.41593027936488	1
Akt.R.V_GBL1033833	0	5.24869651406118	0.354863160809116
Src_pY527.R.V_GBL1033726	0	4.98943534565176	0.828599637602965
p70.S6K1.R.V_GBL1033810	0	4.87009322575446	0.947458991334764
IGFBP2.R.V_GBL1033922	0	4.69042073145066	0.088634787611835
X4E.BP1.R.V_GBL1033914	0	4.5500908581401	0.275586433690071
GPBB.R.V_GBL1033868	0	4.32967346427297	0.088634787611835
Fibronectin.R.V_GBL1033958	0	4.31596501502817	0.947458991334764
E2F1.M.V_GBL1033938	0	4.30640390809448	1
HIAP.R.C_GBL1033783	0	4.07122800159887	0.734880828255525
TTF1.R.V_GBL1033830	0	3.88431030834763	0.398422456001137
Heregulin.R.V_GBL1033776	0	3.78313338213552	0.877653313751761
p53.R.C_GBL1033956	0	3.69989464555622	0.759746170979348
HER2_pY1248.R.C_GBL1033827	0	3.6176680604851	0.808126659281567
CD29.M.V_GBL1033911	0	3.61046814554812	0.759746170979348
ATM_pS1981.R.V_GBL1033875	0	3.48487403682672	0.675388890876622
PDK1_pS241.R.V_GBL1033814	0	3.3119304040142	0.088634787611835
c.Kit.R.V_GBL1033690	0	3.29292921409611	1
NDRG1_pT346.R.V_GBL1033842	0	3.25674367845296	0.282271987986491
Lck.R.V_GBL1033800	0	3.24489770875176	0.121993978998483
PKC.alpha_pS657.R.C_GBL1033816	0	3.02207955375024	0.734880828255525
eIF4G.R.C_GBL1033840	0	2.95675488096234	0.734880828255525
p38.alpha.M.V_GBL1033908	0	2.86070261624545	1
MEK2.R.V_GBL1033866	0	2.67774874360165	0.947458991334764
G6PD.M.V_GBL1033940	0	2.65080374961431	0.923069812179751
Caveolin.1.R.V_GBL1033687	0	2.65075913518378	1
JAB1.M.C_GBL1033943	0	2.64919599708707	0.0919408208323343
GSK.3ab.M.V_GBL1033941	0	2.64785176782562	0.341866462647987
Rb.M.QC_GBL1033895	0	2.61066150117003	0.386321112816064
PKC.alpha.M.V_GBL1033894	0	2.58938945192112	1
Myosin.IIa_pS1943.R.V_GBL1033853	0	2.38792134934558	0.990493813563089
ACC1.R.E_GBL1033674	0	2.33499524087163	0.889732386702485
MSH6.R.C_GBL1033824	0	2.32016981693954	1
Rad50.M.V_GBL1033904	0	2.31035831673734	0.402718097021647
HER2.M.V_GBL1033942	0	2.30921934378933	1
N.Cadherin.R.V_GBL1033805	0	2.23732262692681	0.726141472405365
PEA.15_pS116.R.V_GBL1033790	0	2.16132938213975	0.708740471578994
A.Raf.R.V_GBL1033858	0	2.10336142873001	0.751015939287135
PMS2.R.V_GBL1033867	0	1.93393370940329	1
Cyclin.E1.M.V_GBL1033936	0	1.8822062326775	0.088634787611835
Rictor.R.C_GBL1033844	0	1.85794279553543	0.947458991334764
CD31.M.V_GBL1033933	0	1.84615765517209	0.409863124429716
ADAR1.M.V_GBL1033909	0	1.69889330054923	0.816678402743723
Bak.R.C_GBL1033678	0	1.68170706710283	0.820098489236154
ATP5H.M.C_GBL1033913	0	1.67976562625178	0.938886115906435
NF.kB.p65_pS536.R.C_GBL1033806	0	1.66769388550248	0.440948284473879
Annexin.I.M.V_GBL1033912	0	1.3097604787044	0.923069812179751
Gys.R.V_GBL1033818	0	1.28638393733014	0.687270761340418
Stat5a.R.V_GBL1033728	0	1.27870949793369	1
eEF2K.R.V_GBL1033823	0	1.23136931847675	1
FASN.R.V_GBL1033852	0	1.08445812528521	1
Rictor_pT1135.R.V_GBL1033845	0	0.994988770460462	0.838510129430338
Histone.H3.R.V_GBL1033869	0	0.98079244256923	0.440948284473879
p27_pT198.R.V_GBL1033774	0	0.975459563527835	1
ERCC1.M.V_GBL1033939	0	0.940166453511935	0.0919408208323343
PI3K.p85.R.V_GBL1033815	0	0.924667411896432	0.808126659281567
SETD2.R.QC_GBL1033820	0	0.907816141329048	1
PAI.1.M.V_GBL1033891	0	0.886926091027009	0.227419954697499
TAZ.R.V_GBL1033741	0	0.875364708885401	0.402718097021647
Snail.M.QC_GBL1033897	0	0.864091124266931	NA
PKC.beta.II_pS660.R.V_GBL1033846	0	0.706241115852736	0.808664307779197
Ets.1.R.V_GBL1033886	0	0.66942454500322	1
Merlin.R.C_GBL1033821	0	0.64728687334918	0.726141472405365
Porin.M.V_GBL1033946	0	0.621735138369171	0.808126659281567
PKC.delta_pS664.R.V_GBL1033784	0	0.619039477723879	1
E.Cadherin.R.V_GBL1033835	0	0.597155629435466	1
eEF2.R.C_GBL1033822	0	0.582329474047206	0.420062323214339
VEGFR.2.R.V_GBL1033731	0	0.576126766489107	NA
Stat3_pY705.R.V_GBL1033727	0	0.51913165258202	0.556202691256905
Dvl3.R.V_GBL1033785	0	0.446297197664317	0.169099709540192
b.Catenin.R.V_GBL1033680	0	0.416316889611597	1
Gab2.R.V_GBL1033786	0	0.346582352081352	0.708740471578994
c.Jun_pS73.R.V_GBL1033689	0	0.320141326843288	1
EGFR_pY1173.R.V_GBL1033695	0	0.303769140865718	1
PR.R.V_GBL1033720	0	0.224510601898657	1
AMPK.alpha_pT172.R.V_GBL1033676	0	0.19106175332445	1
EGFR_pY1068.R.C_GBL1033694	0	0.183019161473435	0.282271987986491
SF2.M.V_GBL1033906	0	0.16135210214332	0.990493813563089
GATA3.M.V_GBL1033951	0	0.150520227480252	NA
p27_pT157.R.C_GBL1033772	0	0.131985257800518	0.088634787611835
MIG6.M.V_GBL1033905	0	0.0879270219079593	1
Tuberin_pT1462.R.V_GBL1033730	0	0.0626364613856244	0.363140029409596
BRCA2.R.C_GBL1033740	0	0.0261162960804153	0.388346871365287
ACVRL1.R.C_GBL1033834	0	0	NA
Beclin.G.C_GBL1033953	0	0	0.734880828255525
Chk1.M.C_GBL1033910	0	0	0.584564482232913
Chk1_pS345.R.C_GBL1033780	0	0	NA
Chk2.M.V_GBL1033889	0	0	NA
Chk2_pT68.R.C_GBL1033688	0	0	NA
Complex.II.Subunit.M.V_GBL1033934	0	0	0.759746170979348
GAPDH.M.C_GBL1033890	0	0	1
PARP.cleaved.M.QC_GBL1033892	0	0	1
PARP1.R.V_GBL1033887	0	0	NA
PCNA.M.C_GBL1033893	0	0	1
Smad1.R.V_GBL1033782	0	0	0.726141472405365
Smad3.R.V_GBL1033743	0	0	NA
Smad4.M.V_GBL1033947	0	0	NA
TIGAR.R.V_GBL1033836	0	0	0.088634787611835
UBAC1.R.V_GBL1033872	0	0	0.282271987986491
UQCRC2.M.C_GBL1033949	0	0	0.947458991334764
XRCC1.R.C_GBL1033781	0	0	1
Rab11.R.E_GBL1033832	0	-0.0498509892306281	0.354863160809116
TWIST.M.C_GBL1033888	0	-0.0959728075200209	1
ARHI.M.C_GBL1033929	0	-0.168170036716791	1
b.Catenin_pT41_S45.R.V_GBL1033855	0	-0.195946877044485	1
Transglutaminase.M.V_GBL1033901	0	-0.236854036827085	NA
c.Met.M.QC_GBL1033899	0	-0.268903168926244	0.526977747858929
B.Raf.M.C_GBL1033932	0	-0.278631359529013	1
FAK_pY397.R.V_GBL1033863	0	-0.324907175170571	0.667830991483342
SCD.M.V_GBL1033945	0	-0.350841646388081	0.088634787611835
Cox.IV.M.C_GBL1033935	0	-0.39415807810668	NA
Gys_pS641.R.V_GBL1033819	0	-0.436927517837217	0.923069812179751
Paxillin.R.C_GBL1033812	0	-0.439203761486168	NA
MDM2_pS166.R.V_GBL1033854	0	-0.493068684050678	0.088634787611835
Caspase.8.M.QC_GBL1033903	0	-0.638304424328056	0.363140029409596
Notch1.R.V_GBL1033825	0	-0.642986398167188	0.897654668142496
c.Met_pY1234_Y1235.R.V_GBL1033735	0	-0.647138971092395	1
X14.3.3.epsilon.M.C_GBL1033928	0	-0.744580584208152	1
BAP1.M.V_GBL1033930	0	-0.766391387827932	1
CD49b.M.V_GBL1033902	0	-0.785058933309017	0.816678402743723
mTOR.R.V_GBL1033803	0	-0.786965063863935	0.726141472405365
Myosin.11.R.V_GBL1033848	0	-0.898080615378212	0.647376765908954
UGT1A.M.V_GBL1033950	0	-0.903134609890774	NA
X53BP1.R.V_GBL1033787	0	-0.934403898983695	0.994155934116219
YB1.R.V_GBL1033732	0	-0.967098251811756	0.832709822222568
PREX1.R.V_GBL1033857	0	-1.0268408930573	0.341866462647987
Cyclophilin.F.M.V_GBL1033937	0	-1.12818934951016	0.889732386702485
RBM15.R.V_GBL1033847	0	-1.1583888443137	0.169513046308156
MSH2.M.V_GBL1033900	0	-1.21174213587407	1
X4E.BP1_pS65.R.V_GBL1033671	0	-1.37340810710282	0.889732386702485
X4E.BP1_pT37_T46.R.V_GBL1033672	0	-1.38288314653458	0.923069812179751
C.Raf.R.V_GBL1033856	0	-1.41278905386063	0.726141472405365
C.Raf_pS338.R.V_GBL1033691	0	-1.41734758634463	0.889732386702485
Bax.R.V_GBL1033679	0	-1.53018517335976	1
MEK1_pS217_S221.R.V_GBL1033828	0	-1.60595471452807	0.25915692946343
p70.S6K_pT389.R.V_GBL1033811	0	-1.60644295618159	0.526977747858929
Collagen.VI.R.V_GBL1033877	0	-1.77321156661942	0.355603813469786
ACC_pS79.R.V_GBL1033673	0	-1.79669794231843	0.816678402743723
PI3K.p110.alpha.R.C_GBL1033769	0	-1.82161544529075	0.81798046465737
JNK_pT183_Y185.R.V_GBL1033775	0	-1.86145688275396	0.675388890876622
HER3_pY1289.R.C_GBL1033736	0	-1.8632319773926	0.402718097021647
Pdcd.1L1.G.C_GBL1033925	0	-1.87048220110017	NA
Cox2.R.C_GBL1033859	0	-1.96833079834265	1
YAP_pS127.R.E_GBL1033742	0	-1.97695723788947	0.675388890876622
X14.3.3.beta.R.V_GBL1033882	0	-2.21519729103839	0.808126659281567
FoxO3a.R.C_GBL1033838	0	-2.25267939907346	0.088634787611835
Bid.R.C_GBL1033683	0	-2.28602452201124	NA
FoxO3a_pS318_S321.R.C_GBL1033796	0	-2.33799436839828	0.86891961402479
p38_pT180_Y182.R.V_GBL1033808	0	-2.52509122232367	0.0919408208323343
Src_pY416.R.C_GBL1033725	0	-2.56768999456062	0.227419954697499
AR.R.V_GBL1033738	0	-2.60245700078674	0.606614893065263
Cyclin.B1.R.V_GBL1033693	0	-2.62869212502809	0.923069812179751
Annexin.VII.M.V_GBL1033907	0	-2.69139497693352	0.734880828255525
YAP.R.E_GBL1033881	0	-2.71546079663247	NA
B.Raf_pS445.R.V_GBL1033685	0	-2.79785195748373	0.772762758480388
FAK.R.E_GBL1033864	0	-2.86057681562023	1
Bcl2.M.V_GBL1033931	0	-2.92249081062719	0.808664307779197
eIF4E.R.V_GBL1033734	0	-2.95933055254864	1
PEA.15.R.V_GBL1033789	0	-2.95962027949383	0.734880828255525
Smac.M.QC_GBL1033896	0	-2.99261042033127	0.726141472405365
X14.3.3.zeta.R.V_GBL1033883	0	-3.13496778110295	0.726141472405365
Rab25.R.V_GBL1033850	0	-3.51732870045598	1
Syk.M.V_GBL1033948	0	-3.5288366084729	0.271733303369605
Shc_pY317.R.V_GBL1033791	0	-3.54786043992408	1
Raptor.R.V_GBL1033843	0	-3.59738496166973	0.165617037318457
HER3.R.V_GBL1033884	0	-3.62245137863405	0.726141472405365
TSC1.R.C_GBL1033841	0	-3.89576258541564	1
CDK1.R.V_GBL1033788	0	-3.90067046668455	1
AMPK.alpha.R.C_GBL1033675	0	-3.90297626978874	0.468266148551051
Bcl.xL.R.V_GBL1033682	0	-3.93929658262939	0.734880828255525
Caspase.7.cleaved.R.C_GBL1033686	0	-3.95542309131664	0.990493813563089
GSK.3b_pS9.R.V_GBL1033831	0	-4.00585604505784	0.443155796538669
Claudin.7.R.V_GBL1033773	0	-4.05159150945471	NA
p16INK4a.R.V_GBL1033865	0	-4.15654508475642	1
mTOR_pS2448.R.C_GBL1033804	0	-4.25502767108832	1
NAPSIN.A.R.C_GBL1033873	0	-4.26057061159598	0.440948284473879
c.Myc.R.C_GBL1033885	0	-4.97193957490731	1
Tuberin.R.V_GBL1033729	0	-5.00738868873217	0.341866462647987
PTEN.R.V_GBL1033722	0	-5.08525077909294	0.947458991334764
PRAS40_pT246.R.V_GBL1033737	0	-5.13475751519798	1
Src.M.V_GBL1033898	0	-5.37850769378723	1
YB1_pS102.R.V_GBL1033771	0	-5.52424005616492	0.938886115906435
GSK.3ab_pS21_S9.R.V_GBL1033797	0	-5.58461252335074	0.734880828255525
Bad_pS112.R.V_GBL1033677	0	-5.59672373548979	0.395525791478342
Tyro3.R.V_GBL1033829	0	-5.86101755254886	1
Bim.R.V_GBL1033684	0	-5.87572643834392	0.798472190908339
ATR.R.C_GBL1033779	0	-6.03073524849932	0.282271987986491
GCN5L2.R.V_GBL1033871	0	-6.41641783782598	1
MAPK_pT202_Y204.R.V_GBL1033801	0	-7.1302102973037	0.726141472405365
Akt_pT308.R.V_GBL1033851	0	-7.30375868282473	0.511039731304084
TFRC.R.V_GBL1033849	0	-7.38475184435061	0.955704845441041
ATM.R.V_GBL1033874	0	-7.45413889641309	0.165617037318457
IRS1.R.V_GBL1033768	0	-7.51449265915766	0.088634787611835
IGF1R.beta.R.V_GBL1033860	0	-7.71818321873213	1
Rb_pS807_S811.R.V_GBL1033721	0	-7.8013770426407	0.734880828255525
Stathmin.1.R.V_GBL1033733	-7.80290112894164	-7.80290112894164	0.947458991334764
S6_pS240_S244.R.V_GBL1033724	-7.86724879854112	-7.86724879854112	0.088634787611835
ER.alpha.R.V_GBL1033879	-8.0632398247423	-8.0632398247423	0.816678402743723
Akt_pS473.R.V_GBL1033793	-8.28633855295761	-8.28633855295761	0.420062323214339
S6_pS235_S236.R.V_GBL1033723	-8.33705610512638	-8.33705610512638	0.282271987986491
FoxM1.R.V_GBL1033839	-8.48950990128111	-8.48950990128111	0.47136921995557
Pdcd4.R.C_GBL1033770	-8.73700287328799	-8.73700287328799	0.853448402441646
ER.alpha_pS118.R.V_GBL1033794	-9.38559336002605	-9.38559336002605	0.0919408208323343
Cyclin.D1.R.V_GBL1033878	-11.6641227086195	-11.6641227086195	0.808126659281567
p27.Kip.1.R.V_GBL1033778	-11.6912589111543	-11.6912589111543	0.169099709540192
