ID1	changeInclude	change	FDRp
EGFR.R.V_GBL1033837	11.9949074310094	11.9949074310094	0.0152029793899354
FoxO3a_pS318_S321.R.C_GBL1033796	8.65868354778295	8.65868354778295	0.239700612608599
Src_pY527.R.V_GBL1033726	8.57497140463969	8.57497140463969	0.255317801647161
p21.R.V_GBL1033880	7.24391571339581	7.24391571339581	0.579604190253035
Transglutaminase.M.V_GBL1033901	6.77946545903901	6.77946545903901	0.158728117681275
PMS2.R.V_GBL1033867	6.09306391765654	6.09306391765654	0.235511012300578
Fibronectin.R.V_GBL1033958	5.9359995026807	5.9359995026807	0.239700612608599
MSH6.R.C_GBL1033824	5.53269164653459	5.53269164653459	0.22945330085046
p53.R.C_GBL1033956	5.41530087616333	5.41530087616333	0.390113757059597
MEK1.R.V_GBL1033802	5.38465639004348	5.38465639004348	0.239700612608599
Akt.R.V_GBL1033833	0	5.33460971697133	0.255317801647161
CD31.M.V_GBL1033933	0	5.26659682070975	0.22945330085046
CD29.M.V_GBL1033911	0	5.1139780048618	0.22945330085046
RSK.R.C_GBL1033739	0	4.96939881522828	0.380633620521112
PAI.1.M.V_GBL1033891	0	4.81526149631229	0.239700612608599
SF2.M.V_GBL1033906	0	4.74865137479823	0.319819491102131
GPBB.R.V_GBL1033868	0	4.70754054442914	0.239700612608599
p38.R.V_GBL1033807	0	4.65398551037461	0.270763335523447
Collagen.VI.R.V_GBL1033877	0	4.4993925654645	0.255317801647161
PKC.alpha.M.V_GBL1033894	0	4.45129089349085	0.355863825046051
PDGFR.beta.R.V_GBL1033862	0	4.31666340892379	0.469375268767547
JAB1.M.C_GBL1033943	0	4.29287063580224	0.270763335523447
GSK.3ab.M.V_GBL1033941	0	4.21574645449987	0.58882600078303
Cox.IV.M.C_GBL1033935	0	4.21015581069662	0.306452581657142
MIG6.M.V_GBL1033905	0	4.1871357437568	0.444584671148548
INPP4b.R.V_GBL1033826	0	3.61052472840021	0.464166332134245
G6PD.M.V_GBL1033940	0	3.56612840985267	0.401084861447182
NDRG1_pT346.R.V_GBL1033842	0	3.55600087981431	0.480126352280044
Myosin.11.R.V_GBL1033848	0	3.52689887537193	0.469375268767547
N.Ras.M.V_GBL1033944	0	3.50759953085767	0.593291854557193
Mcl.1.R.V_GBL1033861	0	3.33092213957246	0.58882600078303
IGFBP2.R.V_GBL1033922	0	3.14811969749197	0.480126352280044
E.Cadherin.R.V_GBL1033835	0	3.11811156859385	0.615437439768333
A.Raf.R.V_GBL1033858	0	3.0711336599946	0.469375268767547
HER2.M.V_GBL1033942	0	3.04804556189909	0.579604190253035
PDK1.R.V_GBL1033813	0	2.98297893971234	0.480126352280044
CD49b.M.V_GBL1033902	0	2.90133131109203	0.603989295760241
Bak.R.C_GBL1033678	0	2.79576727801116	0.58882600078303
Caveolin.1.R.V_GBL1033687	0	2.67311482849643	0.58882600078303
Rictor.R.C_GBL1033844	0	2.63348877757686	0.579604190253035
MEK2.R.V_GBL1033866	0	2.61045888314927	0.561965129419766
Merlin.R.C_GBL1033821	0	2.56709408285722	0.615437439768333
TTF1.R.V_GBL1033830	0	2.48003929155389	0.648555540029685
X4E.BP1_pT37_T46.R.V_GBL1033672	0	2.47137913005769	0.647253408895988
SCD.M.V_GBL1033945	0	2.29266557212955	0.579604190253035
PI3K.p85.R.V_GBL1033815	0	2.26530095802163	0.683215680188872
Rad50.M.V_GBL1033904	0	2.15629228200114	0.765678071940446
Rictor_pT1135.R.V_GBL1033845	0	2.12019608643161	0.875450894142487
eEF2.R.C_GBL1033822	0	2.11114706119811	0.656456138268752
p38.alpha.M.V_GBL1033908	0	2.06248677893767	0.727935665333794
TAZ.R.V_GBL1033741	0	2.04422842650707	0.7468500294604
Snail.M.QC_GBL1033897	0	1.98849794094795	0.765678071940446
TWIST.M.C_GBL1033888	0	1.94529585815475	0.74955540880228
RBM15.R.V_GBL1033847	0	1.91158857151842	0.7468500294604
X53BP1.R.V_GBL1033787	0	1.68754253498762	0.790435876139733
Bid.R.C_GBL1033683	0	1.66193672348752	0.821349926226577
ADAR1.M.V_GBL1033909	0	1.54980371386604	0.765678071940446
Gys.R.V_GBL1033818	0	1.53464597665681	0.765678071940446
Rad51.R.V_GBL1033870	0	1.29337331343395	0.958919962893354
Cyclin.E1.M.V_GBL1033936	0	1.28885670503285	0.838765540157411
Notch1.R.V_GBL1033825	0	1.27908482921044	0.821349926226577
DJ1.R.V_GBL1033777	0	1.14544088977093	0.821349926226577
eIF4G.R.C_GBL1033840	0	1.0932195350458	0.884578814537349
c.Kit.R.V_GBL1033690	0	0.832138200831469	0.939206666286835
NF.kB.p65_pS536.R.C_GBL1033806	0	0.814158203071193	0.939206666286835
HIAP.R.C_GBL1033783	0	0.709992593221351	0.972524549118017
Dvl3.R.V_GBL1033785	0	0.6623804360894	0.958919962893354
ATM_pS1981.R.V_GBL1033875	0	0.560548681479321	0.957566180994512
FASN.R.V_GBL1033852	0	0.535599123241428	0.998599074524404
p70.S6K1.R.V_GBL1033810	0	0.429145044355749	0.993930253895785
UGT1A.M.V_GBL1033950	0	0.410048455908084	1
c.Met.M.QC_GBL1033899	0	0.356698044948554	1
Tyro3.R.V_GBL1033829	0	0.327634079803935	1
Lck.R.V_GBL1033800	0	0.128644783860943	1
p16INK4a.R.V_GBL1033865	0	0.0784669128182967	1
Stat5a.R.V_GBL1033728	0	0.0536693814977003	1
Rab11.R.E_GBL1033832	0	0.0473674133105987	1
ACVRL1.R.C_GBL1033834	0	0	NA
Beclin.G.C_GBL1033953	0	0	NA
Chk1.M.C_GBL1033910	0	0	NA
Chk1_pS345.R.C_GBL1033780	0	0	NA
Chk2.M.V_GBL1033889	0	0	NA
Chk2_pT68.R.C_GBL1033688	0	0	NA
Complex.II.Subunit.M.V_GBL1033934	0	0	NA
GAPDH.M.C_GBL1033890	0	0	NA
PARP.cleaved.M.QC_GBL1033892	0	0	NA
PARP1.R.V_GBL1033887	0	0	NA
PCNA.M.C_GBL1033893	0	0	NA
Smad1.R.V_GBL1033782	0	0	NA
Smad3.R.V_GBL1033743	0	0	NA
Smad4.M.V_GBL1033947	0	0	NA
TIGAR.R.V_GBL1033836	0	0	NA
UBAC1.R.V_GBL1033872	0	0	NA
UQCRC2.M.C_GBL1033949	0	0	NA
XRCC1.R.C_GBL1033781	0	0	NA
X14.3.3.zeta.R.V_GBL1033883	0	-0.00723118761573638	1
N.Cadherin.R.V_GBL1033805	0	-0.0313922861378169	1
ERCC1.M.V_GBL1033939	0	-0.0518451001770208	1
X4E.BP1.R.V_GBL1033914	0	-0.124062134104946	1
PR.R.V_GBL1033720	0	-0.164725314991887	1
BAP1.M.V_GBL1033930	0	-0.197383816117119	1
Heregulin.R.V_GBL1033776	0	-0.329931137852737	1
Cox2.R.C_GBL1033859	0	-0.351108113130068	1
PKC.alpha_pS657.R.C_GBL1033816	0	-0.361418241673556	1
Src.M.V_GBL1033898	0	-0.457087428049438	1
b.Catenin.R.V_GBL1033680	0	-0.490609925458703	1
ATR.R.C_GBL1033779	0	-0.523303225861771	1
Ets.1.R.V_GBL1033886	0	-0.555919452086684	1
JNK2.R.C_GBL1033799	0	-0.572399408295567	1
Annexin.VII.M.V_GBL1033907	0	-0.591730589730923	0.993930253895785
Bax.R.V_GBL1033679	0	-0.675695560342426	0.993930253895785
PTEN.R.V_GBL1033722	0	-0.72734079552089	0.958919962893354
c.Jun_pS73.R.V_GBL1033689	0	-0.746714488194647	1
eEF2K.R.V_GBL1033823	0	-0.758359193850732	0.998599074524404
C.Raf.R.V_GBL1033856	0	-0.980068200827983	0.958919962893354
ATM.R.V_GBL1033874	0	-1.05161915138811	1
Bim.R.V_GBL1033684	0	-1.08447378472056	0.898732357575538
ACC1.R.E_GBL1033674	0	-1.30347931593692	1
SETD2.R.QC_GBL1033820	0	-1.30449803295324	0.821349926226577
BRCA2.R.C_GBL1033740	0	-1.30550670931567	0.957566180994512
YB1.R.V_GBL1033732	0	-1.32162266117078	0.958919962893354
FAK.R.E_GBL1033864	0	-1.36762625453386	0.891526038915225
GATA3.M.V_GBL1033951	0	-1.59981169445942	0.821349926226577
Tuberin_pT1462.R.V_GBL1033730	0	-1.60845082969076	1
VEGFR.2.R.V_GBL1033731	0	-1.63676517339593	0.821349926226577
Myosin.IIa_pS1943.R.V_GBL1033853	0	-1.71510964678553	0.757582645240036
Porin.M.V_GBL1033946	0	-1.76141068682125	0.744318594281547
TSC1.R.C_GBL1033841	0	-1.79779723299042	0.750064420754097
PKC.delta_pS664.R.V_GBL1033784	0	-1.91119495457626	0.875450894142487
E2F1.M.V_GBL1033938	0	-2.06634012844334	0.702007178869092
Tuberin.R.V_GBL1033729	0	-2.09733890424027	0.738336250570575
Caspase.8.M.QC_GBL1033903	0	-2.18194498691902	0.632127496731364
Gys_pS641.R.V_GBL1033819	0	-2.23321502998521	0.58882600078303
p70.S6K_pT389.R.V_GBL1033811	0	-2.30173688232725	0.936235746244843
PEA.15.R.V_GBL1033789	0	-2.37300835499007	0.615437439768333
PEA.15_pS116.R.V_GBL1033790	0	-2.41631453478823	0.797910330945421
X14.3.3.beta.R.V_GBL1033882	0	-2.54771723372836	0.602917156739788
FoxO3a.R.C_GBL1033838	0	-2.55628353703238	0.647253408895988
NAPSIN.A.R.C_GBL1033873	0	-2.58908842023532	0.604044368588727
S6_pS240_S244.R.V_GBL1033724	0	-2.66355937247942	0.74955540880228
HER2_pY1248.R.C_GBL1033827	0	-2.75426033031049	0.750064420754097
AMPK.alpha_pT172.R.V_GBL1033676	0	-2.77281813153669	0.579604190253035
mTOR.R.V_GBL1033803	0	-2.78294190104565	0.632127496731364
p27_pT157.R.C_GBL1033772	0	-2.87648306372544	0.797910330945421
CDK1.R.V_GBL1033788	0	-3.17154537562461	0.715559988556769
MEK1_pS217_S221.R.V_GBL1033828	0	-3.1799568265541	0.821349926226577
Smac.M.QC_GBL1033896	0	-3.2577797058766	0.564223807926559
B.Raf.M.C_GBL1033932	0	-3.28004936187642	0.797910330945421
Cyclophilin.F.M.V_GBL1033937	0	-3.28423550408037	0.480126352280044
ARHI.M.C_GBL1033929	0	-3.39978210182425	0.444584671148548
PDK1_pS241.R.V_GBL1033814	0	-3.45703464637412	0.660131744152829
Caspase.7.cleaved.R.C_GBL1033686	0	-3.47614433650525	0.43620753943397
Gab2.R.V_GBL1033786	0	-3.55685319604097	0.593291854557193
C.Raf_pS338.R.V_GBL1033691	0	-3.63036015972467	0.790435876139733
Bcl.xL.R.V_GBL1033682	0	-3.68599690845858	0.790435876139733
Rab25.R.V_GBL1033850	0	-3.77228080615995	0.43620753943397
Rb.M.QC_GBL1033895	0	-3.9559207957713	0.444584671148548
X4E.BP1_pS65.R.V_GBL1033671	0	-3.97622946819319	0.411627360743907
ATP5H.M.C_GBL1033913	0	-3.97729005049676	0.553780937939503
S6_pS235_S236.R.V_GBL1033723	0	-3.98326213215354	0.579604190253035
Pdcd4.R.C_GBL1033770	0	-4.01408924559163	0.43620753943397
c.Met_pY1234_Y1235.R.V_GBL1033735	0	-4.07075214840063	0.58882600078303
Paxillin.R.C_GBL1033812	0	-4.12793769943426	0.500267111957709
Syk.M.V_GBL1033948	0	-4.24717910995036	0.334030619971341
Annexin.I.M.V_GBL1033912	0	-4.348026211435	0.334030619971341
TFRC.R.V_GBL1033849	0	-4.40127586352472	0.480126352280044
Raptor.R.V_GBL1033843	0	-4.45552193712104	0.255317801647161
Bcl2.M.V_GBL1033931	0	-4.52923450863096	0.58882600078303
MDM2_pS166.R.V_GBL1033854	0	-4.61407619820097	0.553780937939503
Histone.H3.R.V_GBL1033869	0	-4.61857220645927	0.535324954007824
B.Raf_pS445.R.V_GBL1033685	0	-4.62789008276958	0.623572699067681
PKC.beta.II_pS660.R.V_GBL1033846	0	-4.68745738634693	0.533825939339946
PREX1.R.V_GBL1033857	0	-4.7928436470212	0.253910708893847
p27.Kip.1.R.V_GBL1033778	0	-4.93170155868149	0.53186843534771
AR.R.V_GBL1033738	0	-4.95462061315721	0.244265553150837
Pdcd.1L1.G.C_GBL1033925	0	-4.96965217410505	0.255317801647161
GCN5L2.R.V_GBL1033871	0	-5.0483079119553	0.255075537077468
Claudin.7.R.V_GBL1033773	0	-5.34387344323356	0.239700612608599
YAP.R.E_GBL1033881	0	-5.49931144273517	0.255317801647161
ACC_pS79.R.V_GBL1033673	0	-5.66420326810453	0.239700612608599
GSK.3b_pS9.R.V_GBL1033831	0	-5.69456306506482	0.579604190253035
X14.3.3.epsilon.M.C_GBL1033928	0	-5.72853626567339	0.160693767421729
PI3K.p110.alpha.R.C_GBL1033769	0	-5.78841632208242	0.212682227998957
HER3.R.V_GBL1033884	0	-5.88027689229476	0.212682227998957
ER.alpha.R.V_GBL1033879	0	-6.15072412857078	0.355863825046051
YB1_pS102.R.V_GBL1033771	0	-6.16222564639682	0.330990717250794
EGFR_pY1068.R.C_GBL1033694	0	-6.20662805919773	0.535324954007824
Cyclin.B1.R.V_GBL1033693	0	-6.34018615348678	0.420632571328827
IGF1R.beta.R.V_GBL1033860	0	-6.39505770449631	0.22945330085046
AMPK.alpha.R.C_GBL1033675	0	-6.41429552957425	0.239700612608599
p27_pT198.R.V_GBL1033774	0	-6.54597979533517	0.401084861447182
MSH2.M.V_GBL1033900	0	-6.61049115223313	0.239700612608599
IRS1.R.V_GBL1033768	0	-6.75360169792097	0.239700612608599
GSK.3ab_pS21_S9.R.V_GBL1033797	0	-7.03924224110114	0.457596046687246
Cyclin.D1.R.V_GBL1033878	0	-7.37601262157277	0.480126352280044
HER3_pY1289.R.C_GBL1033736	0	-7.93144074733465	0.158728117681275
PRAS40_pT246.R.V_GBL1033737	0	-7.94894447026264	0.203783741094697
YAP_pS127.R.E_GBL1033742	0	-8.67264285173377	0.160693767421729
eIF4E.R.V_GBL1033734	0	-8.74153727120466	0.239700612608599
EGFR_pY1173.R.V_GBL1033695	0	-8.81357069377557	0.270763335523447
p38_pT180_Y182.R.V_GBL1033808	0	-8.88378939514122	0.158728117681275
FAK_pY397.R.V_GBL1033863	0	-9.70563707888759	0.255317801647161
b.Catenin_pT41_S45.R.V_GBL1033855	0	-10.3266908635608	0.239700612608599
JNK_pT183_Y185.R.V_GBL1033775	0	-10.4199750259066	0.158728117681275
mTOR_pS2448.R.C_GBL1033804	0	-10.4308636023688	0.158756818072543
Rb_pS807_S811.R.V_GBL1033721	0	-12.4780846322308	0.0489372488842669
Src_pY416.R.C_GBL1033725	0	-12.7932422886046	0.0690054306397911
c.Myc.R.C_GBL1033885	-12.8684207143447	-12.8684207143447	0.255075537077468
Stathmin.1.R.V_GBL1033733	-13.2191331594305	-13.2191331594305	0.0613584242838357
FoxM1.R.V_GBL1033839	-13.2336492789256	-13.2336492789256	0.0040765936034387
Bad_pS112.R.V_GBL1033677	-13.3157871928833	-13.3157871928833	0.0431660014688258
Stat3_pY705.R.V_GBL1033727	-13.9981113291581	-13.9981113291581	0.239700612608599
ER.alpha_pS118.R.V_GBL1033794	-16.68096488016	-16.68096488016	0.0040765936034387
Shc_pY317.R.V_GBL1033791	-18.1926129195199	-18.1926129195199	0.0040765936034387
MAPK_pT202_Y204.R.V_GBL1033801	-18.5910384677255	-18.5910384677255	0.0424977119250959
Akt_pS473.R.V_GBL1033793	-21.4561939432338	-21.4561939432338	0.0446827032602794
Akt_pT308.R.V_GBL1033851	-27.2852735295142	-27.2852735295142	0.0040765936034387
