V1	V2	V3	V4	V5	V6	V7	V8	V9	V10	V11	V12	V13	V14	V15	V16	V17	V18	V19	V20	V21	V22	V23	V24	V25	V26	V27	V28	V29	V30
X14.3.3_epsilon.M.C_GBL9026348	5.22196056934376	1.71188801096035	-1.9547102018879	2.16130459737524	0.118782254338141	-0.6312712475058	-4.1925747859399	3.41252411331015	4.22715332301637	-0.276872118636893	-1.63624228435852	-0.279752583761499	2.30386866225308	-5.47610034869433	0.404245752169528	2.29513505119154	-1.50752746166584	-2.25953575514614	1.61179521757169	-2.05611916292194	-2.80959021123143	-3.66129452370362	2.89283470460724	-6.71024991139021	2.13819773174704	3.05466485118212	1.51198813032104	-1.93928503687447	1.2938569621702	4.33006393014268
X4E.BP1.R.V_GBL9026169	-5.19495696401475	-2.37934177131581	4.66625062235083	-1.28898582952815	-1.11814881425747	-1.73689214159094	-4.13343057799555	-2.45863221764481	0.153670968517586	3.11701001218532	0.196078432281569	-1.9814325182696	-0.513497586178506	2.59275433910861	-0.130861113814279	-0.762036358893868	7.53552554322715	-3.08544410825069	-3.80326036559272	-0.236708433217354	0.824261393570672	-2.89236954114258	3.95237777294572	-3.17986613761052	-2.9673049901939	6.46821657589864	1.21161217843899	-1.39700918425613	5.32503293760186	1.28277186773165
X4E.BP1_pS65.R.V_GBL9026170	2.30320411277068	5.96731489405402	1.94753731178228	0.387936714211163	-2.53704032354675	-6.73979892149945	7.28399652850189	-2.10166134727389	5.62915878726475	5.33575118398404	1.5250487226417	1.91670438964682	1.88745000090546	-3.31403562058435	2.6312440376993	-2.57829590577151	-1.42221891524533	-2.73237978804601	10.9446235250876	-12.842005268002	2.9510093195601	-1.76239409538808	1.44304316984901	-0.18719883353863	2.16953939445051	6.92831113400756	5.2664783859461	1.58188906440298	-2.12293592711935	4.41994029613494
X53BP1.R.C_GBL9026171	-1.69552587598332	3.87534401394951	5.00822272812738	-6.62259901086539	-2.22048732359151	-5.38260425521343	1.38832267732883	0.324554412481015	-1.45159710766004	10.3145186390445	-0.421018618495963	-1.14027016314738	-2.92051024893217	-2.23514573498632	7.9749976512563	-5.93579825899332	4.30239723276925	-1.58974437824426	2.30384848785658	-2.9701971690212	-0.617816374337594	-1.66293401939861	9.51484831845124	-2.47431654549427	-2.90700236758107	3.3449699313346	-0.514866007323422	3.97680949269944	2.96686409313327	10.1993190146137
ACC_pS79.R.V_GBL9026172	4.64158772820579	-0.988894018087482	4.01870348108485	7.36810175675885	19.3018978284947	0.248455362491636	0.397428037935882	1.99888396851713	-1.85192696662809	-4.6584242472539	3.5328590011845	6.61982526016245	-2.02964386620078	9.37794614875436	11.5310981685452	0.45419107261925	2.34442232350761	2.85112670598197	14.2045299499928	0.101910744167121	-1.77775746255372	2.31407730418708	-3.52222071901291	-3.52054634538926	-0.721878594904446	5.3886740369048	5.38267040615336	1.9577700338223	-9.62149715689895	-11.7020171276124
ACC1.R.C_GBL9026173	-2.16240378780287	-5.50623668739092	-0.652969137729583	-1.41779208236701	13.2387000173502	7.71464411533063	10.5436137722576	-5.21037241788746	-2.74944827922014	-0.541071572043129	2.80658000250148	6.99530925702599	-0.0551389445384339	-2.24591838745458	3.287151205455	-3.31945116877027	-8.04386052874926	4.75598070643019	3.24594839338972	3.22848582984029	-0.803004348242734	0.28253080740921	-2.39063832465983	1.32786586243839	5.1483220479304	-9.96107636481538	2.75809121025416	-1.97110870810574	-2.37941938960507	-3.71935620444643
AIB1.M.V_GBL9026302	0.942300143600695	-2.22487589012057	-4.25532440613731	2.45537057630048	-0.76191711740322	3.79605314204743	-7.93185572881058	4.43179698413382	-3.0831143413967	3.30906938136557	0.255279741032506	1.62820839913544	2.22001964227962	0.131067132022948	-1.31555798985653	0.961897334281457	2.77498003085396	3.03533460798986	3.43903710922144	0.387942796273028	-1.42881713555395	2.90893835545351	1.37580105973768	0.674357748416429	6.48916858322086	-1.79436888783394	-1.8733276948404	3.39860946749337	-3.48979578524794	-0.732383974735241
Akt.R.V_GBL9026174	4.67467953435925	1.46555916993312	1.0007711100412	1.54205636310472	-0.720155725814699	0.951237980528693	2.68666131958148	8.03279504019467	9.56218314366302	-2.37731047597053	3.90557791857379	-2.80858537611131	-5.92023896837225	-7.86021941578183	5.53597010179414	1.60377228468801	-5.13448686159983	-2.54158655219734	-3.69451029683435	-5.40831851405912	3.12445235183389	0.77506654107169	-8.96331865895374	0.0503179560502224	1.49408345329947	2.21940494429343	7.69281855388719	5.3676173673143	-5.94994634241303	1.2926993257068
Akt_pS473.R.V_GBL9026175	6.61867869237548	5.24448986907127	6.96207811318084	9.28741915040308	8.33055286670239	9.51980960245904	-18.4594204840987	8.06788198990113	21.4218281526181	12.0909257950866	-8.28006414620547	1.39852152413735	18.895356693909	16.7503600811833	-1.91612354038853	-11.7966050365193	15.4174711901012	12.2645857900369	-3.54653036832618	22.0314974184464	9.95295713421617	-0.702841229593054	5.49752075816489	-0.779299175005374	9.88600135740654	10.6959924368283	17.2491193695328	12.092273496623	3.49676974763509	3.7365534421435
Akt_pT308.R.V_GBL9026176	3.83148211758198	6.97492372990982	13.4349384660467	12.5051353161241	8.37553463422336	5.77044867159847	-16.462157218724	7.39349914069487	22.4029597358336	13.4208637133897	-6.99885049689097	-2.03973827025576	15.2807579347747	15.9570301748532	-7.6095147918079	-13.6423529587463	22.8500350707829	4.07938274474172	-9.98149053509874	22.3757740350514	7.83079539987685	-6.70225160642994	-2.50031328416148	-3.96065091561853	19.0892289308334	11.3611903346923	14.9227845643553	15.7168573411549	1.23425483542979	13.5440314831373
alpha.Catenin.M.V_GBL9026304	-3.66650474349275	4.28206398492798	-2.31105107142887	0.0223571734794897	9.33432607749694	-2.34304294742925	0.512168939127332	1.84204053350915	1.86940029554281	3.8841376052528	-3.38891324082141	-3.62322846720249	-0.117182708975875	1.86593627174566	-5.24242680092516	0.113658630063307	0.545665698291609	-5.97278445752407	-3.62072540919346	-2.05804018168058	-1.05355339708899	-0.0803611441687091	5.229448137526	-0.391208317316797	3.9845296890394	3.11265103632985	-7.9980525094865	-1.88055782557517	-0.670633836253646	-5.12901204711422
AMPK_alpha.R.C_GBL9026177	3.44475464728286	-2.87112043062398	3.41428786368403	2.98308181296861	-5.13114073337729	-2.77536468582049	-3.57272436182204	-2.80707812449307	0.0950502307175826	4.35391240038739	-1.20647949407769	0.62126333050375	-3.07421392063274	4.2103581956165	0.891753643745093	-4.36245737559658	-0.206344831177381	-6.06119616254345	2.54684402964744	-1.17488210244352	-4.91128248166563	-0.283547276771503	0.346640561656301	2.44707180914027	4.17770121835221	3.3860080421807	-0.264659456717459	7.3103431320023	0.0138777176270148	-1.42952879342507
AMPK_pT172.R.V_GBL9026178	1.07032265885153	-3.54010279182097	3.66859040085007	2.31065007482209	1.97755562525191	-1.01518047764832	-0.844041908068039	-4.40715692573433	1.60268485991447	-3.64085187657677	0.596852194884014	3.49913148846351	-2.49380390711639	8.43692917242809	1.339798530337	0.306422548205579	-0.608597949047756	10.435844873545	6.12399586475917	1.2127761774254	3.60539093110727	-1.05093849200729	-6.65955527985116	-3.75222498180723	-2.44575799639817	1.46615461344669	1.47811374176674	-9.23897645402102	-5.24961941176598	-1.36225368131523
Annexin_I.R.V_GBL9026179	-4.20695226295759	-0.711174556498425	3.12581457076913	-6.55587824751788	-3.70982802033347	0.589604886853153	-3.01760118113759	0.738799333686557	4.19278078109947	1.44807157542576	-5.95871698334266	-2.20214193860054	-4.28305323773703	2.96110713639046	7.17052231887829	1.75265310854197	-2.34486069663579	4.96976598330275	5.30827780886836	-1.93674394247008	-3.3123643425934	3.22870471459448	1.01855646710477	2.52154785863866	-0.273355093516522	2.3065176543757	-2.85383759078369	-2.01800423741806	-2.26472738575043	2.30180205591829
AR.R.V_GBL9026335	8.37083742221278	0.594884063223088	-5.28165734991577	-1.5800379330601	1.06950259907824	2.13191051395676	0.46344292128653	-0.0957681075741955	3.76225629993592	-2.04787257650515	3.75473438542317	0.325517204354026	0.0534742794945972	1.02101449502072	-2.41431701286606	4.61797720730081	-4.8428560498513	1.15447609417822	-0.430081657695238	2.62643953004653	-4.5648996754574	7.23713385200171	-4.66748307316634	-3.00418279415303	1.27505586413298	-3.07130715689679	-1.34389011306779	-2.979523958733	-5.60627318346681	-4.61392536212201
Bad_pS112.R.V_GBL9026336	-6.81306987659491	6.23642272573991	-0.535380468971395	-13.0013624411611	4.44540637204956	8.02466790881618	-4.76894415266775	-1.82300406071496	11.436664309816	-1.20823455226025	-0.388521507599658	7.65265594296042	-11.8846280281579	-8.52817909328392	0.803388817688184	-6.25979265809841	-2.03362006405504	-1.19139188581467	1.43094670954923	1.81339785661067	1.83446558948558	5.52381565321422	-5.41941249676716	-8.99477540846984	7.89602063388315	11.0364565416727	8.5872187042739	4.35195214151584	6.22501441497059	0.014836056970127
Bak.R.C_GBL9026182	3.61588503500742	-4.40431848941825	-6.85817404629384	2.04920200618749	8.10649182722784	0.83182408285672	-3.52466451235984	-3.57272632609712	-1.23536117393653	5.59901633114535	-5.87302659085579	2.63166751883182	0.158473181475311	-5.27196868877496	4.6800730168663	-6.4802764282062	5.22582174590043	-0.640767408787052	-0.272956706183037	1.13935001981541	-0.799763777623866	-4.10457457692225	-3.51472956177405	2.06248828299662	-0.587032841444143	-3.92848884229511	-2.35951135645144	2.6322744354444	-3.07886368027837	1.19120265225894
Bax.R.V_GBL9026183	3.30941000807927	5.79086504722784	2.437810589225	6.77717247554574	-5.43655156517122	-0.121036687594281	-0.58348396348624	-1.66670262574785	-4.66441097927353	1.25532847071603	1.31821756826751	-4.84357100905072	-8.25156129057852	2.30171773256214	-2.56816990035331	0.289375285929297	-6.5747606367976	1.02239537623608	5.89199243668825	-3.06322316977854	2.26595853567301	4.51130687461492	-4.67573852655651	-5.01484214009152	3.69294465046607	4.38423010934435	-1.33790671694556	-5.58510890175936	-4.83242286001514	5.9100920787899
Bcl.2.M.V_GBL9026303	-3.75586984009495	8.83772758718771	2.0776109601802	5.18137111383376	1.62887896949008	-7.55539013746243	-2.62353040711313	4.04472269428829	4.50071727455306	14.6222611410493	-0.557115670940757	4.81250774768998	-2.99760253114416	-0.823373621432289	2.60470856961955	-3.51078218215208	3.65773887554709	7.63104696401333	-2.04009127286752	7.37636299647723	-0.782926605570641	-4.41492895271859	1.96128674632846	-8.78116329365709	-4.67237164999677	2.4132147133726	3.80350485971567	-0.998203127802021	8.48351056141913	4.87323324861739
Bcl.X.R.C_GBL9026338	-4.0266596206801	-8.30630941559181	0.586857832436594	-6.97557326121678	8.47087614875661	3.52459173798012	11.7400106009019	3.00960766293881	3.44395856145735	-11.0371688894286	6.56968349459	0.655279702550973	-1.13340382668643	-4.62920985598378	-4.63223554984777	4.03868158700363	4.62518844656274	-1.66779604664324	2.92674251507502	1.39816256212413	3.6545348218607	2.68350124429427	-5.05516225213311	-9.41321175091539	2.44599708366234	-5.5979300073797	-0.869382424761517	-4.70804451021044	-9.40960622725117	-10.0821597273074
Bcl.xL.R.V_GBL9026339	-3.6941854134025	3.76665313550329	-5.19364479869504	-10.5344804460018	6.25063387019432	-2.61081676060441	4.00291072652253	-4.58284351108124	2.44838586185013	-1.06250687003505	13.1209194237426	2.6783473148328	-4.37937692679242	-0.121843396864129	-6.84006782782301	5.74915630563201	-2.3425593256911	4.53711656747278	1.02114565935584	-1.08163943287231	7.81915925594145	3.23405249899605	-0.710563473894537	-1.16459358968578	0.86064960868634	-5.62930101251237	7.58014219514131	-5.36574943925361	-0.526294461280885	-4.01986146838899
Beclin.G.V_GBL9026330	0	0	0	0	0	0	0	0	0	0	0	0	0	0	0	0	0	0	0	0	0	0	0	0	0	0	0	0	0	0
beta.Catenin.R.V_GBL9026194	1.96963594896344	3.09917321118528	-3.35661615581657	-3.19442966114575	1.05996958659671	3.58634377256623	-4.8267554449843	3.59935677538707	5.53550029507484	2.33100391911019	0.509642962570658	1.77208621606751	-2.02930362898081	2.11575823465037	4.76213561384567	5.19537749309008	-4.56779000696482	-0.529393546566743	3.75431682915123	-0.247743178019403	-2.32472409071009	-0.972239268490804	-3.25318185199567	-3.1247099394719	6.87420355090746	-2.84147110592856	-4.18374763351951	-4.00240170614729	-4.91022801895209	1.33674472166312
Bid.R.C_GBL9026340	2.52826740219519	-3.33096582938426	1.13579283160422	-0.777045044020209	0.240859138297952	-0.959396721907477	-1.55804851500606	-1.07359743074145	-5.84484850202182	-3.54474391688311	5.03323524203682	-2.36337508616878	-6.15601237871973	8.98333520761248	-6.05751100950969	-0.255508600882597	4.6139507526409	9.04449807828438	0.174768097796091	5.86183538184593	-3.59323818113102	-2.05439954446358	-1.55879385625526	3.88228245894008	1.24927658812318	-2.38615393340836	-1.06056087707326	-1.87099139339449	3.67569825710927	4.19026415396747
Bim.R.V_GBL9026351	-4.55047265016561	1.31809379423229	-0.515637763220171	3.55475854709341	-2.23982561762581	-0.0410304836132255	-15.6074045430114	-5.66338279245257	1.8129960234971	10.7123793439422	2.99723821638141	5.17269137300232	0.25897050526904	-1.73715112008824	-9.00314949305716	-10.9948869348446	-8.56041724308514	-4.03339936760949	-4.08482815497295	-5.13585838968849	4.8488098271332	-1.68654203409283	5.41724372760348	-1.04621186929556	-5.07879020193911	10.9233965801783	4.09148283637105	1.01546027082844	3.84031554627856	8.25655146248615
c.Jun_pS73.R.C_GBL9026231	-0.93796619949902	5.08464161932335	2.70538238018415	1.47680450638657	-4.30487623739979	-3.38999445976676	4.56192600416034	-3.20583631885331	11.0143778581671	0.519237001149746	-4.40380463861763	6.10121088808109	-2.70079959025754	2.43565377559004	7.17983956649413	8.77281614276451	19.5809947233883	2.70723429996215	-1.18176507690162	-3.44837679831553	1.12729341161399	-3.61964424157316	-8.84397731314072	3.71705694986611	8.32239334843174	1.06504901191887	7.43061487472716	8.15495872520425	0.223519500224973	-0.517626807597407
c.Kit.R.V_GBL9026344	1.31443286943399	-0.229926036927323	0.83197356471765	2.14655063517775	1.4133513865514	0.00113105471119284	-0.539543004910019	-6.11383153459585	-1.65413463861887	1.85742797815933	2.87359952972212	-9.51523780420822	1.29094278052799	-0.475521650853674	-3.16405899514361	-2.84386184015077	0.216473473088247	-4.85755723601104	-0.167391161004823	0.107209121418152	0.374955655932485	-1.19604418486062	-0.0469637624960198	0.947901195983154	-1.85259362438633	2.83570268546863	-0.0442257350111699	-0.287170520513884	0.293849537927889	-3.40457876315702
c.Met.M.C_GBL9026314	-1.21565902202275	2.68252009830542	-0.616047465729305	-2.77519629772103	6.76645794046008	5.06658462645663	0.0475808269569423	-2.71209989216747	1.14170984369171	-3.52549524443242	-3.09079003214082	3.54861510141637	2.49987531639066	8.25044058333307	1.33921146383058	0.540722818805818	-1.17654767782439	-7.24738262863971	2.32903803667643	2.01669769129218	1.49452585314755	-0.646699435692948	-2.15726235072917	1.9838280428201	8.50161341160285	-8.30854601020071	-2.78994213091325	-2.25180450178922	-6.72352797238203	-0.989977267043987
c.Met_pY1235.R.C_GBL9026236	0.107974046205766	0.207802587250499	-2.04532077589582	1.89965006934582	7.92888001646993	-3.88617562048485	0.0608548409814428	-0.125150342712501	-5.64838379600042	8.1053012994068	1.62666599632374	3.45003807509495	0.362730758902559	3.40579839267894	-8.96996185973886	-2.85514475000713	6.9374170585465	-8.99198832694483	-7.59888023093446	4.22928926375062	-0.424651371998873	-0.47825290975033	7.35303815814649	11.3535218178665	12.9353904164867	2.05374592719449	1.16151549687591	3.9010075802855	-2.90157091681211	0.0491282757572764
c.Myc.R.C_GBL9026241	-5.5316689679342	0.115454888562826	-6.63179556243721	-3.24431067017083	3.51884775999535	1.17010072171108	0.923666582535656	9.58397548737274	6.35488496648727	-2.45262251174894	6.62260903408283	8.03959245056929	0.876255901460784	0.314727057661657	8.80195718684222	9.37062895062138	3.62465486110079	9.75453018165811	-5.40726406285325	-4.08695038820464	-4.02911983412474	3.92038010960775	2.07355139852908	1.75161216052469	16.5497234901752	-0.0731907018902657	8.44871976759117	5.53815163735208	-3.19343207428813	-7.25764540005014
C.Raf.R.V_GBL9026278	1.2710430210658	-1.83514249554408	0.151525512125326	-6.80883912177623	5.71436968077064	3.09276253445034	-1.87506695702636	0.171401887615283	-0.771894051932196	0.0786655822196225	2.03427678508393	6.66550153471104	-3.75969556766273	1.84807240375622	0.323914620045641	8.00102312074099	-3.02869579983201	5.64608710387649	-4.11399294220152	-0.627442383438576	-4.17648119516296	3.88635342695401	-3.49302411163738	-0.701086566649504	1.91456863455252	0.465472780104605	1.56247283236701	-1.28839115375034	5.47547684488352	-2.09343029334465
C.Raf_pS338.R.C_GBL9026279	-2.57630802289982	2.83902892018583	6.71161327245443	-0.553732753902324	-2.75743969219599	1.28537286839991	-7.79952217443834	3.62490917769442	10.9230670581765	2.64724964749842	3.14349091899936	-5.73373583592783	0.325715648680506	-3.42037321380548	0.887680719979165	-7.80473072992404	7.7061032157624	-2.23532517080079	1.73497326671213	-3.46834754546118	-5.34329696387497	2.8738234894126	-4.20565773880757	-5.7582375950287	2.1276686541551	16.9408007016436	10.6507796484885	2.24217157790365	1.20531707029499	14.6677062254178
Caspase.3_active.R.C_GBL9026352	-3.09997491188502	-5.34425216936502	-0.90923953682385	-3.15819602282652	-1.66692178818059	-0.722107849602239	5.92819481863491	4.99370374922172	1.29524979404138	-4.01123642511007	-0.98321046731232	-0.850961889449741	6.2882310919804	-4.62135144615625	-3.11897416913667	-6.85461476561009	-2.79566465818308	-5.50214389044078	-5.9605137522934	-1.15794286367447	5.87433899732906	0.602680125614748	-3.53186583661969	-1.31573511236797	1.04557553487542	-2.1321355196512	-4.59255702110079	-0.335407944053557	-6.39341492847161	-1.56965426036396
Caspase.7_cleavedD198.R.C_GBL9026353	4.50432483901957	-2.94330629729821	1.14118625456231	-5.03886259655739	-1.29338785984923	1.38044378975769	-2.40387444841272	0.975384694033058	-2.35355228267583	-0.919136372722082	-0.167016718019715	-6.0929072827305	8.09390239381036	-7.53128397523846	-2.2962539117352	-0.461644476988673	-3.13422072538414	4.20621236781607	-0.224425910893782	0.573953401041981	-1.27623796653527	-2.03293747496539	-0.672837756815349	-0.022861152728586	-0.557099465150631	3.85371076737897	2.96231816420735	1.33438745348188	-2.83365585620946	1.00544585046268
Caspase.9_cleavedD330.R.C_GBL9026193	-0.340114138260325	-2.14400793592787	5.29957207517966	-1.07326223419146	1.94844540289354	-3.38763176745741	2.41233292089076	-2.4261610912101	-11.0402404470091	2.18137797547465	-3.98724496066224	2.22523010751858	0.557643187327133	-0.723428813366483	2.68285668004769	1.1345909422614	-3.77503636196508	-1.17922032784511	1.32918236696411	0.768030956838368	-2.2821593085442	-1.22593422801218	-4.36093736819785	2.76304322359655	-0.182290262454605	-8.29967322393952	-10.3599815521548	-1.91265213942075	0.296532515180914	-8.52041673504101
Caveolin.1.R.V_GBL9026195	6.99991226972302	4.64585014732913	1.68940555361906	0.1993124049974	0.256682169558764	6.28682217031516	-4.91069867034978	2.92981971283936	3.54255993060286	3.38489163308944	-0.789809269592331	-4.90866864960068	3.19451789490591	-4.41246520590809	-3.54904122515275	-0.878082722515546	4.87299443980639	-1.69175377236388	0.0566443202032324	5.04547361481874	0.30811345539393	0.0552437716657033	-1.26495994976677	3.57708728512135	0.263303942710225	-1.31143488230264	-3.08688036535863	1.69121993690691	-3.80159367556094	-1.77666030309083
CD31.M.V_GBL9026349	-0.399869858446988	2.5106669797148	2.79018085902545	2.24644024849684	-0.38822166116768	-5.8535290476758	1.6996720990528	0.365216578276452	2.81621190253515	-0.889592043627974	0.00855602454367195	0.138207519029292	-2.45771642504426	1.25367188312442	3.97452283038447	4.99605853172771	-3.5916360727189	-0.583982519835479	-0.110333297806112	2.4277250863539	-0.389512360391562	-1.54140307437998	-0.123175377650124	2.24664359894821	-1.05361856005796	7.64406456126784	-5.02222070599555	0.409504340567397	-1.91252140931395	-4.76791944483648
CDK1.R.V_GBL9026196	1.70632948722993	0.383945498120905	2.08514762768218	1.6311380325307	0.577903739880737	-2.33414328060912	4.68825516172366	-1.52810247505659	-2.09856152991983	-1.68216829355871	3.08080335507384	4.24856329617992	2.4620496131087	2.51338854643316	4.41141448063807	-0.124798878709956	-5.56900253192488	-1.69430192290896	-3.07773880737776	-4.82943068941131	3.18148967621445	0.479944603666987	2.39777351365615	-1.21027312557323	-1.53132250248719	2.19241289145861	-1.88298620524434	-2.15344740182198	-0.237854038395426	-1.84661499981094
Chk1.R.C_GBL9026197	0	0	0	0	0	0	0	0	0	0	0	0	0	0	0	0	0	0	0	0	0	0	0	0	0	0	0	0	0	0
Chk1_pS345.R.C_GBL9026198	0	0	0	0	0	0	0	0	0	0	0	0	0	0	0	0	0	0	0	0	0	0	0	0	0	0	0	0	0	0
Chk2.M.C_GBL9026306	0	0	0	0	0	0	0	0	0	0	0	0	0	0	0	0	0	0	0	0	0	0	0	0	0	0	0	0	0	0
Chk2_pT68.R.C_GBL9026199	0	0	0	0	0	0	0	0	0	0	0	0	0	0	0	0	0	0	0	0	0	0	0	0	0	0	0	0	0	0
cIAP.R.V_GBL9026200	1.53852929597258	-1.0438034816231	0.916730068320501	3.25517911197361	1.95592161862015	4.33717806983435	-2.92698739824468	4.16137832730025	1.37861437155712	2.40133551160798	-3.85833009574281	1.1595784990546	3.24243727828202	-2.76307700329338	1.98764526196137	0.877957116628728	-3.95944463286923	-3.30255488537275	5.5637022114789	0.241521011856304	2.22832700321689	3.5604038338954	2.21674973756744	-0.0476118186645031	-2.59246906648544	4.26817349837685	-1.55385190792557	4.77827240031577	-3.66147814136092	-2.55268730084622
Claudin.7.R.V_GBL9026201	5.34226965067081	-0.104394511060178	5.79342896039316	-1.10348739084718	5.42572551825773	0.172002015373825	5.22941805849596	0.9367874564802	-6.94495723109825	0.457909821730164	1.10813798658431	-1.75845021906184	-3.14254716544373	-8.41776154378149	-2.7148909152889	3.83007490857611	2.24371339275339	-0.581942139528723	6.81707279650263	-2.28455369766302	1.96431642693729	0.752174097651017	1.18428879379766	1.76058135576052	0.00869890432705508	3.96954055933826	0.597782436059803	1.58365115584734	0.541427669836751	2.53012858547213
Collagen_VI.R.V_GBL9026202	-0.851303795127732	-0.29001639796432	0.488076578134367	0.705009449977186	-4.1444199460432	1.09205266217632	1.48716988359713	5.8548954026282	3.03016466149422	1.59045916895589	-0.74993344250436	-3.24276403787574	-1.24226007831696	2.72330020654459	-3.01791960666365	-3.23310384668124	-1.55748454607305	3.53416889286013	1.01782417933208	2.84715041155	-0.14239915590024	-4.87300845072597	3.74365894202025	1.21348995603547	-5.2654346147189	-2.06054282277573	-1.34953989137941	-3.6272371916863	5.43234374372737	-0.677226293819976
COX.2.R.C_GBL9026203	1.46952957976627	-2.28377766641368	1.24058351591852	4.28521995350125	-6.27662949830099	-5.37014748184166	2.57621379494341	1.93995083697713	3.44210542087868	7.00244154651845	-1.52925778443942	-2.15978605834009	13.1678124436151	9.44852651612954	2.22302862460054	16.4089941446176	9.85119964831184	-2.63221307852428	-1.74633852026005	-7.72493331639882	-2.19645506065897	-6.38235998846117	7.1168515968789	-9.06140903837615	5.02979829084985	1.08680981306287	-5.61063616620426	6.51815805003228	3.6582078065553	0.459094696747958
Cyclin_B1.R.V_GBL9026204	-0.148766486631154	2.61033019966268	6.03809447711417	2.46642234083971	8.22791415384167	-1.23633780014721	8.23653515560486	-5.69402012323449	-10.1463862849765	-4.13702113178022	-2.62385156505364	-3.93451924160787	2.35225389374137	3.57151464003738	11.7298059876568	6.4619931264169	-1.93830533693769	0.123414857382867	5.78199884615565	-0.551698526310348	-2.44932769935119	11.268727178682	1.7594033744839	1.78737633042736	-5.76198626512135	-4.03187702990616	0.0694748851608246	-0.994240692963732	-1.8377506070707	-7.14185183874992
Cyclin_D1.R.V_GBL9026205	4.49248965535126	-4.66086734895879	-6.19312172152877	6.5089918586041	-1.14772183353648	9.44405091487091	-13.9635568702271	1.46397169937566	0.554626089123358	7.20784801459073	6.32936385739721	-1.27365697114898	3.39720994934096	0.110819693563409	-1.67888528905805	12.0798277798976	4.67136208426682	1.16891703834105	7.22550546736175	-0.903599182275702	-1.05582815704237	10.9342718268944	-3.95434561129079	5.38737180937386	15.080826785642	-5.71135723366523	-1.37490684604079	8.01218543718424	-4.35808554009281	-9.4556586659578
Cyclin_E1.M.V_GBL9026308	3.79763050882384	-4.76356853414317	-3.89261927802026	-3.619325016982	4.07747035401002	-2.81141316377562	1.27573453842501	2.72827624720608	0.451814497310047	-1.22283271846658	0.734475434519175	-0.469134985386256	-11.3416836660756	0.988877310940759	2.78809504167946	1.02359789860442	2.50040076690726	-2.32489791295642	-1.20921569341141	-4.74819208917198	-4.05046506493028	4.58166395277705	-0.580229153572471	7.20507197692591	7.69408220187229	-6.13717999033303	-1.41628948173272	4.7459397320671	1.49117111870116	6.1116221377867
DJ.1.R.C_GBL9026206	1.85806728612319	-3.03994993171786	-0.24701977944224	-4.94769384225093	-2.40043886546419	1.86356175867361	6.38479244276377	7.67287476093572	-1.33544257861884	-2.06852095198517	4.93468522950914	2.4705773266435	4.1913749777066	0.274267058300567	-5.76374866710312	1.01373326198297	-2.72360443680923	-4.44843652274383	0.0398766817901563	-2.1340035661534	0.922756235293607	-2.84691246547812	-0.564688087196431	-0.561535990964925	3.85147534316339	-0.534786267110304	0.824472938307201	2.12692634143253	8.92689831889224	-1.40121544598752
Dvl3.R.V_GBL9026207	0.120156133573983	3.59350425680943	1.98822774838383	-4.95928726744016	-7.32297442720739	-1.202221628973	-1.0146946298804	0.140147109640791	0.653156887570238	-2.89204222030148	-1.76244756852941	3.80885153006212	-4.87579952657014	4.49236490370908	1.22100861863202	1.12452382680608	-2.12948237986042	2.62994805351547	-3.34297072528681	-0.718115352251275	5.8609664356436	2.01065632742166	-0.451923634848007	2.99454772275116	2.02245175306094	4.70431277949128	6.68906271639466	0.239414702922072	7.32149693180043	-2.90453909091489
E.Cadherin.R.V_GBL9026188	0.598227784648927	0.287461015234038	-3.32654202520502	-1.47461285478972	5.64351647965898	0.555325345779088	-0.507098300111905	-4.03508103362772	-0.447093752339395	2.23054089084717	2.67450895870463	1.76163258687867	-1.38254637088195	4.75567224433687	-4.69321023081869	3.05093613518136	-2.75850064658418	-3.10556740047931	-3.91505721815475	5.99145265375816	-4.03657827222143	-2.87278423617863	-2.97364353208894	-1.10732590467949	6.54116555280965	4.20186038400359	-4.14622540389728	-2.97593244120483	-9.08783438996923	4.48118399515252
eEF2.R.V_GBL9026208	4.08233590098439	0.352752929967942	-0.0777820286671612	5.36536704106579	2.66188132447815	5.17182304535218	1.4492297957146	-3.39819669948983	2.13741395699216	1.06840364440188	-0.181985042892221	3.57116737745948	-4.7414948913513	-1.8225287839595	2.14426100849528	0.795972778402855	3.5619471914549	2.73410929174809	-1.84876385967539	-5.45874027667594	-0.63758831946918	1.75604450799117	-1.78441651997941	2.8989897000649	0.682791659729344	2.46553356951969	0.536861804480252	-4.3518566349618	1.39681385668466	-1.56432594135407
eEF2K.R.V_GBL9026209	-4.3927671956245	-0.56060473971445	-7.10405233054136	-2.03693306683499	1.81153605656894	3.98281101304638	-4.35900663577319	-0.496800519740653	-0.79329944637348	-2.43437580689063	2.64967725678518	-1.69164260796751	1.16634157203158	0.926092484515969	-0.0864740004265717	-0.00515872346662667	2.62396521955417	-4.05306338819275	-6.3100609907985	-3.17409383158321	0.332110297258461	4.42574211016058	-0.468439206126332	1.79214554236112	7.45758322298443	-7.09782299569067	-0.908234576542877	0.42831007286768	-1.02263535215591	1.63426899266412
EGFR.R.C_GBL9026210	-5.13507742660634	2.10429858196123	1.1670675906081	-5.95904965250195	-2.85969747900538	-7.79430881766263	2.03490528493036	3.12119177179074	1.02845305412171	-7.31723025031811	6.44577297973622	0.905488938135523	0.461089747681094	-8.90479767402002	1.54170517317423	-6.12980269794465	3.66918842313386	0.403906089386003	0.951955673773425	6.90241376768815	3.25479286941005	-2.82892962008108	-0.848287815955363	1.39308141333089	7.06070275373533	-9.46176741875396	-2.38154718958036	-0.97275844576789	2.39706220462367	5.9995393038598
EGFR.CST2232..R.C_GBL9026334	8.12890976988926	3.07351089667039	4.12986715579497	-0.874808069058881	1.28536082712707	1.07470385950214	-3.3652657325519	8.06553035355045	-0.145756989691777	-4.28578690974959	4.42162220795631	-1.83770090653278	-1.67457761681775	1.20855812865344	4.58374057366814	0.789530924996299	3.18986502864183	0.709624486367678	-4.41402170512658	7.22861006221772	2.31668627593851	-3.38533124902261	-1.51377949599061	2.20512493775207	-5.72625228071267	-1.18413983152059	0.112190560415302	-3.08568821972022	1.47714298051208	6.08495457225971
EGFR_pY1068.R.V_GBL9026211	11.6864995511944	6.88511053508554	1.14190649848036	2.49604665478494	-6.93531353344333	-7.64426836935414	-11.0526830008434	11.0375464454462	10.6270336206633	3.56175589053104	3.85562360819305	-5.77972063793106	7.10800821236155	1.02756955932476	12.7074850873525	-5.17865517942511	6.30326949849533	6.85279004739724	16.212178967889	2.3933887971364	0.412946286053202	-2.88729630306747	1.8248202564344	-7.38184071468218	-3.06757706167967	4.41269354257303	11.3711109596657	1.29423634393851	1.74597714661477	9.60933829949414
EGFR_pY1173.R.C_GBL9026212	16.2884097950861	6.47551856771098	5.06201450539019	4.55178867487789	-5.46866480593833	-2.90725001444237	-12.2606894897645	6.40841164244878	7.65051656153133	1.64040371936503	-3.07289743064523	-3.45584450209081	5.1493700052111	7.85196180068349	19.7108766910966	-5.84402238601409	15.0961636224156	13.1406619808342	15.9993008536566	0.436380020211405	6.84039866933202	-3.65342146406755	-7.22832224652698	-7.8753874956842	1.43721081007783	6.99463864939919	11.4320160965823	6.1091470696408	0.922032957838687	14.2782435487877
EGFR_pY992.R.V_GBL9026213	16.8262223053111	8.48080136084046	6.37049090721109	8.62434989250297	-10.6152627321811	-3.46963276017014	-1.31674840737029	9.58197142798334	8.80886820602527	2.44211609099469	1.31660325047665	-0.207178953892778	7.9999624258642	10.7838123333714	22.2617340746999	-3.01033473986312	5.83295376424829	2.60374742949686	12.6792896363664	4.26010676724027	4.81180116549101	-5.44365432028274	-2.3402592761619	-12.6646206592373	4.9652182878848	7.73891932516654	8.36784996039699	9.32192922210304	3.65704744111911	18.1701156080641
eIF4E.R.V_GBL9026214	2.79349134682706	-11.080084453786	-4.95987229900217	6.12277235232542	6.54732299301643	-2.72413521730415	4.28964052872748	6.88810504025409	10.6981908330266	4.74370186976407	8.37169539440033	3.40239197973738	5.5221069056274	2.57639675960505	1.17419101955719	6.91872238117842	7.25022039192209	0.60326983974673	-4.82169196819524	11.7664034126345	-5.74535905746184	-0.881606437092822	-1.38833031276013	0.786018902259317	0.668675477197215	-8.26019765668053	2.99690472533242	6.46951495920997	-6.84710528551889	0.0878081356270995
ER.alpha.R.V_GBL9026215	-0.465670504732281	-1.88318220316492	2.0295497701704	3.38451141909434	-0.633595605407838	1.95960204925578	6.57949801296209	1.03150919473866	3.2894255242282	6.09786460330478	-4.49368229218508	5.2932391982426	3.26508786483986	-0.25897658607873	-0.0754175619167615	5.03196346365829	2.74942081092998	3.96405416360782	2.6857561416281	-3.02245477640824	-3.07165122327899	4.46507974440168	9.61854472512123	-0.163745623676476	10.375265726926	1.60187365326143	-1.93541206744946	5.15843398173574	-3.64189452750171	-3.91351566545859
ER.alpha_pS118.R.V_GBL9026217	7.09016767385613	8.48319236741405	-3.53488856659392	1.31050379756499	1.47251623271528	0.434208245111994	-5.38101727279553	7.19057194295869	7.36249226617035	10.7997351692882	0.191656980634554	6.66168623524126	-1.82298700894773	7.9576926549501	6.90370110275906	8.88802643762137	12.6493470092269	0.28763384188415	6.91349067035124	-4.39023887812383	-4.16239268311881	-0.504411474376848	-0.316574534886339	-0.0265968264422127	2.9353767885688	11.4218081453624	10.7178084807894	6.13638778876043	10.1768883494264	10.0628507411261
ERCC1.M.C_GBL9026309	-0.345232454918894	-0.325989419545118	6.46912980858466	-1.53086028575037	-4.70617928919197	-4.53264551101431	3.52489034278142	-0.425905721980533	-3.31531975895879	0.873284844141367	-5.02580917608469	-2.52854013435714	0.361912573053971	5.39750582017879	-5.53311757368686	-3.51596469323164	5.34705647990053	3.6093787463588	-2.38331577116	-1.01211927448938	0.265031744337188	-1.68487192961143	-0.856460038597201	1.6298756559767	-2.92036678530425	-3.39725951272299	-1.62457547194749	-3.5206791037104	0.712026104903538	-2.76476900504131
FAK.R.C_GBL9026218	1.24280800099102	2.79997964240322	0.158299784961179	2.94594235553147	0.509797880410698	1.28285255646205	-5.26312446478852	1.03029705417107	4.13719283460227	-3.23244237647756	0.424056010047081	1.07183759238898	2.60688841016394	-5.11259348292072	5.5339600390474	-1.91088908299516	-3.64494468621236	4.18777777709524	-2.09186077488397	3.83076982794974	4.43634438073815	-2.3977967648558	1.94547349728571	1.55497208535058	-0.232121013838627	-1.3580867803309	0.439558961905038	-1.6969930399479	1.4196034797873	-9.74824238081425
Fibronectin.R.C_GBL9026216	2.86632595515265	-1.71278465484668	3.74314273190587	-0.442078579300398	-6.83985780299773	-0.835371827105767	5.53709952480061	2.90685372807371	-4.42152395791742	1.25601320749451	4.69200347470047	2.48476257048083	0.780981801469496	0.314661803060699	7.43246376796434	8.60921266376738	5.29889659920133	1.46663522459162	-1.85584250977703	1.60687030279096	-3.13061632162018	3.49599911270654	5.69640580874098	-3.56590235328524	0.404056797100152	-6.89856016368755	-3.55901565144659	-0.985046545670094	-3.51453425931312	2.12481125078956
FOXO3a.R.C_GBL9026219	3.01351718728671	-1.50807613385582	-2.89234693305605	-2.08904427613652	9.00440452185635	-0.0750461805131829	4.88555992943729	2.02300441970915	-3.08392511791713	-0.0394665265802712	-0.410784108655716	1.24844464377472	5.43470199877617	2.03600256033386	5.23641736247671	1.23438951506958	-3.00933680147208	2.13894243362965	1.10044223455804	5.0630460005754	-1.49103873918872	2.42364610524326	1.2236633140005	3.60100444014258	0.331472261047989	-5.76852187044899	4.98071646614696	4.39622227243557	-3.2643923683449	-4.1303480023524
FOXO3a_pS318_S321.R.C_GBL9026220	-3.37052267205671	2.85821136688034	-7.16007269735202	-1.72604844290322	2.09689348741567	4.93000197350195	-5.94793807564681	0.60534832138962	-2.23309096963586	6.22527500326522	1.96960820501089	-1.85772434077236	-4.4081985057272	-4.83965780071272	-9.05283474422465	0.753305636110748	-4.0622495083142	-11.8616216430955	-8.42313359184986	-3.23004773840604	5.03071608162628	2.22673830038877	3.86478546402831	6.93939778605353	-0.619589501970634	-10.1622809688741	-8.18167403704694	-3.07737338080145	3.63698125348956	-3.95813552379529
GATA3.M.V_GBL9026310	4.31870963446679	-3.71324990440633	-2.27202124827922	0.573196134168619	-3.66059806399755	-0.579508073974814	1.37439175322858	0.584386522833568	-5.42791768226228	-0.819011002532833	2.1753954278902	-1.62292418553854	-3.77469405552818	-0.14253127894775	1.86739446632623	2.1548063633299	-2.96796257451144	2.07862578515515	-1.18330168812231	0.683553991359453	-0.920429973982333	4.82486422623055	-4.06199484089567	-4.01926129434531	5.29964648015554	-4.27335405187832	-1.12093444208936	1.47301301498569	0.779821712102047	-1.90433682954903
GSK3.alpha.beta.M.V_GBL9026312	-1.03734643362577	4.22229873839451	4.95029117881026	1.06682045919918	0.870748799456738	1.82939463528645	-4.71969939506234	1.73172826589315	-3.0699276391651	4.38831916125984	-2.4393567884709	-6.20282431718573	0.961079168130007	-3.26260632128445	-5.46120574181659	-8.50740275675706	0.538612898667763	-7.10115875418461	-0.542516187643273	2.32177457214043	5.79990404297264	-3.87958787548331	10.2034420190069	-0.490685645533799	-3.16232924945303	7.42305019019614	0.99984511683869	4.32352665666449	4.6384989764895	2.10012679161606
GSK3.alpha.beta_pS21_S9.R.V_GBL9026222	3.13848899474655	-2.4764973823246	-1.36596135217152	3.10504603743991	-1.13813531340878	-5.34316385178466	-9.17358420394836	-8.98037395493201	8.08737554881899	5.32837663001582	-5.61718698996258	-3.84817201808562	1.03844975185224	10.3629121697121	7.90399721008858	3.11442591292995	11.7872768578891	-2.50978751616715	-11.250961692836	0.772943466240655	9.77072427501726	4.92950803178892	2.66078937300508	9.35852652906407	3.14041631095434	4.4056601460839	-3.569119265221	-1.82686011825287	3.46191729725039	12.3703213391188
GSK3_pS9.R.V_GBL9026221	-2.25923483865797	2.95889947795355	5.40557288144266	-2.3245585022763	5.90792737276884	-2.95210166317422	-1.92144955328242	0.154891397561727	12.3564425557337	10.9917919472013	4.08431572208872	-0.407556243901305	9.40764794084784	1.32949031191139	0.457117514673985	-0.22394748061983	8.81858882046921	1.05972808876208	-1.04691607404218	4.22326558885365	7.09342677535924	5.96384786880556	1.585319874354	2.26472984726419	1.36713672709773	15.1182901574136	14.3017967554052	-2.61384916180679	1.38300995582607	19.0654058120182
HER2.M.V_GBL9026313	-0.395670541236743	6.48175247128827	-2.56966390592126	-6.63292761464477	2.1710678853727	-1.23281614997063	1.98243785721505	3.61717795010948	5.51275104310041	-0.487768700588613	-2.90008933899095	1.39990559333331	5.72169575592552	2.97672382214597	-0.660395776864223	-3.84740667647961	5.17423058920062	-1.34886359717544	-0.696992626525825	-4.5347218980033	8.12874357502964	-3.87274230591657	0.840092296244383	0.0768817333319268	-2.27554918981259	7.64360508656657	-4.48946481270813	1.01597395858404	-4.41365513766583	6.52133806953394
HER2_pY1248.R.V_GBL9026223	12.190237847426	3.68424608111176	-1.25275365800698	10.3481258573588	6.42165001350789	-7.81251427273391	-7.56111222477895	-1.06035251137488	5.42362498863075	6.4363400013891	-5.57835380115468	1.09326847071767	-0.65321355485038	3.23850093793468	-5.80996643999219	-14.123026014547	2.24995386307396	-1.40325878102366	5.88502424847334	-3.11130931076743	5.46196704539345	6.0561910548659	3.60547320636885	-10.5039595506435	-1.56590665452269	10.7552859119577	-1.03789455728385	-0.560308404064917	-3.26421021116259	8.43159059641449
HER3.R.V_GBL9026224	-2.90920561851632	-3.18981226551695	-0.835896421949345	2.78163038701466	-1.88665962985734	5.83032115404549	1.41983995125296	2.87123986232607	4.8987854568088	0.36813180897387	0.0692787616110372	5.96473145471082	-3.17967640418661	2.80108296174887	-3.5942746676016	0.282581718258624	-0.670661011269844	-3.77158867591715	-2.49620386962695	1.36079919346749	-1.21148081618146	1.04956508182763	-2.40751814105873	3.85240341334599	-1.33184904084775	-1.35012705760543	3.93578127517595	2.67875012129397	0.344914027986093	2.35407977500146
HER3_pY1298.R.C_GBL9026225	-2.30718283818822	7.54542554136902	-0.165577828188303	2.16847278450907	2.27021562687433	6.6422420025011	-2.80396048654798	4.49592709450908	1.48697566563435	-1.128632658	-6.49798061925151	-3.45216552970333	2.74146986065123	1.18457309824213	-4.88177751068326	-7.39168962250851	-4.39792310669195	6.03845062128352	0.791166154136718	9.3476418945634	8.01841653683572	2.66599658000745	-3.06126535872131	2.91036928838006	0.661124154161805	1.84489124602511	-0.595540354027181	6.3122715089662	-1.67674579112138	0.602482405979771
IGF.1R.beta.R.C_GBL9026226	-1.13570998306588	5.02338790395704	3.34791483226501	-0.714006266823992	1.71561738540984	-2.70319470342488	0.310479723318887	-0.486689604723039	0.744363290962967	5.33709722149174	-1.0659056016042	0.243393759100147	7.64932950710297	12.600508611136	3.98570701747565	-7.07305350876214	4.01776086109801	-2.34482073575516	0.252580296642687	2.38194567866925	-2.56434525671901	1.45397295894173	2.110186247833	7.58213811412342	-4.29010272955797	4.2464584862129	-2.61618899104526	-1.37491121167348	-6.51206098877157	-2.49480127337291
IGFBP2.R.V_GBL9026227	1.36089757835465	-1.03070290433641	0.115848711354942	0.76526174627977	-0.415869628857517	-1.37383421860495	-1.07923819926789	-0.464915414502265	0.479777854738751	-5.24508226916591	-1.66997317741844	8.22014396862205	-1.12727053558677	-2.47054504361509	-1.17984464093354	-2.75934372859391	1.29963043259569	1.27090160029558	-5.44543005830648	-5.57016684152824	4.76341502096704	4.97720944183483	1.18065998139153	-0.395303027248036	0.364719047479686	-6.37066848069147	1.76600973557556	2.90788311001001	1.17059599929595	-2.82862131875659
INPP4B.G.C_GBL9026331	-1.23839904277214	-3.11643272169433	-2.67227334504235	1.22354906657641	1.54715707865889	-0.653045441117032	-2.03329640796497	3.26762664473553	1.58330169396022	5.84330221787539	-1.49700936514766	-0.00493009401922392	-2.52586749028533	-7.84514947454512	4.39765376857427	-4.84170002249996	-5.95961062227284	-5.70677361570237	0.726259402416592	0.536342203825816	-0.690917692963105	2.46828505861117	-2.47661434579423	-0.739463155198946	1.79594406532493	-3.88321570213033	4.63446428423526	-1.0941892364339	-3.34517424243381	-1.98405651480954
IRS1.R.V_GBL9026228	-2.6109308541153	-2.24495388965425	-4.00294008850641	7.34327948583454	2.09761052768325	7.99730882906365	3.20710246822133	-4.3381322117395	-1.6191647302956	5.93602304780333	-8.65946401056645	2.11963278285831	0.0872648193584686	-1.07660761874958	-3.01282742556479	2.35945218339168	0.0542512657291823	-6.89627953883244	-1.02623268303329	-2.66331416875651	-5.03461494205643	3.93992711213761	2.28262765265128	1.65813708293394	3.90127711317335	0.515713297784802	4.86877630127664	4.08173414756815	3.27229634205746	2.43774037055333
JNK_pT183_pT185.R.V_GBL9026343	-6.19375552420818	1.38784685466562	-1.45826030206932	-0.53872927360911	15.3709951416859	2.10301816961379	-4.25005275674765	-4.9937556844668	10.0649283803371	3.28148434964774	-3.20108470108722	-5.43057118377521	4.81149084680592	10.1317566534896	-6.86146835155427	-11.7245979639312	4.73666854346508	-3.04116826302631	-2.0682798637312	6.3478145867679	-2.01289913301935	-5.33183285110879	-2.86788284072738	0.0472053567050163	2.68023063417348	7.15183932975246	10.3000880608298	9.18284711335186	8.35591964130106	4.89758873475509
JNK2.R.C_GBL9026230	4.29395046881205	1.80918288336852	1.0320950092381	-1.01920232039557	-7.02645178153729	-0.0791889482766062	4.23367880058602	-7.34923034064472	0.519762388206583	0.423812444811291	-4.02125306678641	-3.46183737631575	-3.08298609078644	-5.15373181553264	-1.85708832913908	0.403728526452847	1.8031087272141	2.46636399592711	0.00413604214428759	-1.47701010089225	0.501889761828729	2.289247849467	1.07888341762624	-2.91514739433533	4.3190089126538	-4.33455504784183	-0.254083898390522	4.25718186306156	3.11491732631543	-0.97153460562308
K.Ras.M.C_GBL9026322	3.05102006063471	-0.62956512128449	-0.0679982286835476	0.0374098870641334	1.10435121183097	-4.57550151362484	-1.32508368435299	0.858273210014348	2.0698939371674	3.471120532707	3.36226458236305	1.54324950658284	0.341009117432893	-0.260861579786674	3.02129113185745	-1.16510662410395	-3.57071521900181	7.69964602059915	0.112695715124045	9.67858880075583	3.84522566565474	-2.07445102762448	1.76729752653415	-0.896254186737055	-2.48675164026664	-4.035267510129	-0.642373652739303	0.822728086037229	1.41336693213459	1.49551880448537
MAPK_pT202_Y204.R.V_GBL9026233	-0.394896239348328	5.72086071090895	8.02893547714486	2.96841658120966	4.15023503483851	-0.898569205027753	0.39979368588406	3.089106182776	9.37487656115241	10.4466333325001	-3.47801662374631	0.901341256811448	18.5850219237096	31.2255544216468	-6.78182973764637	10.2932920727575	15.9100542482209	-2.63987455941621	-11.1290577336176	7.8992552450148	0.322488214474801	5.14596750271893	5.6587084696678	4.00374695716545	15.4678261154399	9.39673299028469	3.94714273125112	8.89745031508128	-3.96128045264301	17.7410713312025
MEK1.R.V_GBL9026234	-6.5034610829122	-4.78804121315438	6.91700263109057	3.76368302991036	-0.11929213834409	-4.62105530935477	0.439912471841824	-5.20552547836907	0.913771724096973	3.51658216932811	4.13081333863196	-3.1235752249196	-1.36626847348112	-0.531042203898854	1.65433499734038	0.940803121210074	3.05418740553325	0.338728521227436	-6.17755574776397	3.19519272606861	-0.268440640763668	5.47644071990722	-0.846328644457405	-2.99970088061962	2.87776512006144	-2.41001138692644	1.39399801878149	2.63647885657673	1.73377081220751	2.39428637764751
MEK1_pS217_S221.R.V_GBL9026345	-2.71442567034222	-4.11505645210571	7.38572956022297	-9.93612314526623	2.73295863956326	1.17733157239128	-3.23959938369099	8.99052766698597	5.32924741347075	4.93365465084439	1.74874124308622	-0.230239782559433	-2.78368428851036	-0.64146099908774	14.3663426624016	8.45720930082956	-1.83267564845303	2.04436050416934	-0.0235885892060041	9.56186112821181	-7.71217157779914	-2.45203258291417	-1.49208148491753	1.48118711994359	-2.60126059840291	-0.704087004849974	-2.44867737907065	-1.61417149679603	4.93885788332553	0.779956809920602
MIG.6.M.V_GBL9026315	-2.75260701026704	-2.83524384956882	4.7623447935983	1.03022454393186	-5.55295332899225	-0.881617547004617	-5.32504343094995	1.95654867840426	5.5863206563636	-0.508339620170739	5.2354267281428	3.0035803131181	-1.58186350930396	1.15868691712706	0.810292664384706	6.22309577150893	0.990398253829341	1.91700767969787	-0.548074590269047	-4.97075904125101	1.50888378335588	7.05869391778852	-1.22694637846237	-2.79658362317072	-1.123926169237	2.67693903208631	3.47243688001855	-5.52793338969876	3.75072142298211	3.60230266926605
Mre11.R.C_GBL9026237	1.31125684048822	-1.84915979318478	-3.56447393525454	-5.01515388532933	-5.54228697305455	0.224202019760874	-3.83479580406858	4.42918194942825	-0.165456483097476	2.43366007780386	-0.335488500585451	5.1921855980953	-2.70670547133747	-0.230675207905245	2.77480784907838	4.63269226123103	-2.72153288541251	-3.89179114375835	-0.990517752760939	-6.46906452946856	1.25302940425853	1.72434964797908	1.75833295121966	-1.59954393087849	0.662639488338757	1.3388057754319	-0.997603963627838	1.29006824282129	1.42401006387063	1.89839313220392
MSH2.M.C_GBL9026316	2.35783070606475	4.44839853641473	1.31571802915175	4.6580855506082	2.03449166461552	-1.05614946883823	-5.89899284308854	-2.98874643649858	-5.95868936345897	0.922083556069885	1.30332684364469	6.05876291822311	-5.07138487713512	-1.47235708414546	4.7819379581276	-2.64033818418611	1.1640860823498	1.21909512757803	-1.54842186295556	-5.12800551734076	0.548208513970527	3.88748633530236	2.85862248741504	2.18062074580202	-7.33848023145989	-0.741469524088325	2.46273693380109	-1.25431564926787	1.30137790350626	2.77942373617771
MSH6.R.C_GBL9026238	-3.99831512012566	0.273273228002305	2.91178510726278	1.26699857914324	0.408339053011508	5.66399053606629	-2.23395368448999	-0.443886795133573	5.28439343870397	-1.09852985705257	1.07689174067601	-4.3645804363352	3.67826958387393	-5.59161612546101	4.28786593510766	1.12091792706104	1.51770136823753	-2.41395411549433	-1.51283302920614	5.70788452186476	5.08856310072866	-1.45436917906524	-2.64284960885613	-1.65538424372257	-1.69902740499127	-0.913551117459574	3.74668517786144	-0.868491545074786	1.49683409235481	-5.84027776088865
mTOR.R.V_GBL9026239	-4.96317763262685	3.22732405948761	-5.44595063364376	-0.47759738640549	3.22224925440627	4.23065262835942	-5.15483589107219	4.89521209669044	-2.03805675286422	-2.94759276998005	-4.1690923944159	-1.02621717376127	-6.21739404477915	-2.38532296013482	-1.28109110679587	-3.6636739982691	3.55629813107952	5.6545946108323	-0.211388148203823	3.71335532811102	-5.90201154483487	-2.99104595166212	2.79419455196046	-4.0764603428631	2.70277797395965	1.47871568141404	3.35761103770443	-1.52895125950991	6.08852712478945	0.865608962191682
mTOR_.pS2448.R.C_GBL9026240	-0.580417296260492	5.26879030403132	6.32182273713193	5.11607394403698	7.45962421014952	0.102409380801317	4.80947960494383	6.17568579699586	12.2996585004896	6.40310358704054	3.75912238162689	-1.34892339585219	1.84079293105591	-7.02956022468255	2.7364844318841	-2.73999368866596	-11.0957278402093	7.97111259853742	0.143665990559192	9.58146002439721	7.76363250309277	3.73120538911147	1.51921313858526	-2.14584782831609	1.01706118239225	9.83058033845245	16.1614492856877	4.26698292882691	-0.356576655816037	8.16310514398455
N.Cadherin.R.V_GBL9026341	0.765762689505893	-2.65934808025344	2.09109893740091	0.216236160158389	-1.1203340911645	-2.01889119523834	-2.59841326762218	-0.329614196264654	1.22273399239828	5.17019374056612	-3.09148087199995	3.70449878110174	-4.52833998109413	-0.271233212977192	-7.58213489026494	-1.70846397779123	2.08188851157758	0.359518118301966	-4.3037522249373	-2.89701603738049	1.20739182798919	-2.87547129539096	0.895461199629713	-3.74461575748685	-1.03755640039316	3.69804784403394	1.87668856538229	-8.35280223632854	-1.10093822973587	-0.45469625360606
NF.kB.p65_pS536.R.C_GBL9026242	4.11769781556774	5.78212262182478	-1.42771833996999	-6.30958675444327	3.86522375374571	-3.49255620821001	0.391747549793093	-0.00402665481322334	1.40388821895154	0.833820302426561	2.42591262043775	-3.97583095522828	2.78229145111716	3.91634608609157	2.9114997490902	-0.0868820702797951	14.0587019861799	2.85381031262626	6.25001585339712	2.22120526482065	4.25965841314818	-0.841470079118213	4.01535841163219	-0.888384338998851	9.16519020696967	11.1229047864069	5.68571602839041	-0.052942473374009	12.7666459349292	14.7433045706723
NF2.R.C_GBL9026243	-2.22974408729322	0.239558882815962	-4.54238819540813	3.10774480836767	1.87882630934919	0.419829085539557	-0.401814694382921	-3.44303638095089	-5.02019228830784	-1.3871905014129	-3.87515307474794	-1.03629434137438	2.20896042570824	0.514745880423679	-0.233676776798539	-0.692232797460048	-0.709583687611136	0.241902450457791	0.960794205822263	0.382241294986083	1.31746627713216	0.0747768502832413	-0.832377617642318	-0.802358556464221	2.45736168985439	1.72758613449158	-2.99038835032278	5.26054654050541	-1.49838855369029	-0.136982006021077
Notch1.R.V_GBL9026244	-8.99843817972974	-1.63678550225116	-0.51627680416785	4.21240869560158	4.04767534679789	2.3631443487313	-2.2232210649403	-1.87521295413066	7.1607444729867	-3.20525697363159	1.35859147735637	-3.72573954290245	4.70376939220177	0.218400816998232	3.26480558582876	-0.449294802237942	2.96766459608134	2.61952770396025	-3.72841053025152	0.156039012814214	-4.11846187977443	-0.961992984333588	-2.46273218197714	9.42465065398089	-3.46968837519894	0.962999944555148	1.95741704636785	1.61675331172579	2.3483441457149	-4.3975254773341
Notch3.R.C_GBL9026246	1.91406435454507	2.48847121043749	-2.76747713739965	-2.01969672635481	1.72296614129291	1.04038309942452	8.0818061482034	4.38587717657637	-0.604596166623896	-0.615700897582056	1.69438837882955	-1.0476284368689	2.09862054085103	3.39125721840192	-0.59715113550731	-4.89463395067843	0.443092375633489	-8.37555033443327	4.1273503451161	4.7800470948923	-2.38018322695299	0.317708414586996	4.18523183001034	0.532608155068445	0.44855657831997	8.30229141827244	-1.39728653179641	4.76184498352625	-0.47309977657087	-2.85836922278276
P.Cadherin.R.C_GBL9026342	-1.67547951956501	1.7705627613874	1.077800960101	0.433667489370656	-3.53045969392796	2.71526033455367	8.66604651921024	2.39178881975945	-2.10320555494654	-3.99293125642991	2.470737015119	0.195331178302013	0.623903410016994	-3.44360413845264	0.830281702682194	1.63570593036218	-0.681952481616025	-1.81041138489148	1.29701644829037	0.942473430251535	-0.272853330206657	3.06264921383301	1.61579572084235	-5.55890791002708	-3.15699422306437	5.93619375281237	0.00142952684313048	1.72020912115063	-0.438248946675583	2.77454876038284
p21.R.C_GBL9026247	0.320700543813398	-1.85092418640836	9.14412762413455	-13.0127418274023	8.36273513349064	-13.785963405717	0.567333513864231	0.503893069074434	-29.9934188016353	-12.3618361537006	1.3958070117004	-1.86204779182535	-3.42471892303678	6.83210525219496	3.6166875371781	1.72870531756598	-6.98843060361023	-2.4294136179584	11.1229519908223	3.86575913996767	6.29082677444062	-0.390452261027089	-1.16790978248026	4.09445347155751	-7.88981236325769	-9.99446077199644	-4.60018595568576	-13.9354049204237	4.94079839341174	-11.2413254326804
p27.R.V_GBL9026248	-4.49041543118103	2.72953593307436	8.85565794148471	2.42571047143088	0.26198882863513	9.23814704679396	-0.249089116492173	-4.47995780959459	0.892093235298788	1.61625709029985	-0.350847892488787	-0.429647717768284	0.459562184951549	-3.17168629284255	4.81141333605385	-6.62157339239904	7.21260249527831	5.52569892927029	-10.4566338948987	2.45755574326177	-2.21744729729092	0.334843805406581	3.77950281066724	4.1217860225439	3.86674937330856	0.906493860219609	0.917014460008974	0.790462663786323	3.03974705317607	-11.8218796923528
p27_pT157.R.C_GBL9026249	-20.0905342135887	-6.14563142132118	-0.525361988717026	1.03483222145375	-9.58533858670581	9.83306227444997	5.4224949061283	-0.19470060490996	1.11364605229446	-0.233004325915294	0.23132280775255	-1.75902040702542	11.2208688102775	0.0111528020670323	-5.62908770368176	4.01674164504975	2.8166992446321	-8.93201429860751	-17.3336175381659	0.60660467588138	6.92434793300746	1.65409887853964	-2.83558724755815	5.40361672988388	-4.815173914864	-20.1826533220889	-3.40607883231168	-7.58677451792424	-2.77747312765087	-18.2088960469583
p27_pT198.R.V_GBL9026250	-16.9821116772551	-10.0994917939278	2.09762555920601	-11.9603813837045	-0.429067565800656	5.54419911128718	8.13553027623033	-4.23499820367876	5.53839652434988	1.2241226601175	3.31141564366381	-2.44090779395177	9.74528037606771	-2.86157556071056	-3.77823861236299	11.3541197549894	2.94030235441694	-6.53096201282107	-19.5706919784032	2.35231075900031	0.418046640374122	4.07276517540382	5.54443552335574	10.7584900991709	-7.22176221997837	-15.4583751314262	-8.93015277620281	-3.4754264145388	-0.70582823574007	-20.54669110714
p38_MAPK.R.C_GBL9026251	1.15973014181332	-1.08015441774808	4.06448678079024	3.49531946960849	-2.38852703186988	-5.89259448260886	1.51396057637317	7.05506415538353	-0.124594887013662	2.43310226404295	-3.74608699542391	3.39194264532176	1.79688367802979	1.68724980080767	-0.0609477704191888	4.34082153378805	5.84466171552645	6.80036756309797	-2.60038475983839	-3.24795762231058	-0.973302981313286	-0.509552445141273	-1.48915898123528	-1.00281074789624	-0.0732939288714756	-0.324504881160754	3.33088008965185	3.84888945656272	-1.63369859505718	2.64121527286502
p38_pT180_Y182.R.V_GBL9026252	4.13280875455131	3.18474790437096	4.89022472886162	9.68629470396664	-1.59189792465052	1.36804461945824	-4.20458531114099	-1.03547471066332	5.4050770069068	1.94235234945899	-3.95788808187396	-4.93571174075697	13.996550599652	6.53375876118769	2.50053587752914	-2.4379553680722	3.61857785416704	-2.10403678399939	1.98304755318362	2.47780446421143	-11.6895764534971	-6.85571642243784	3.91814306047294	-1.45900009981773	0.655236323637498	5.70223749332234	0.654072774106459	9.16291030259552	7.6508375326261	13.995758856999
p53.R.V_GBL9026346	-0.537733666782974	0.942453714778151	5.61416488024276	4.62436913096427	-0.568093184385425	-3.05331347884176	2.26089423054127	-2.11522393844908	-0.918652918290144	2.94941758224306	0.992818642089107	0.991351105548832	-4.50096696886683	2.9553042994593	1.89075885615277	3.19893861902106	0.685561684595851	1.54295022140711	4.42677129940274	-2.80899619302053	1.69802648129412	0.795786244023571	-0.447353373323788	-4.06221954255996	-2.15089377010423	0.604058344031201	-3.89778815756661	-1.55073468886414	-1.02976168030892	-4.35082592719324
p70S6K.R.V_GBL9026254	2.49158141281071	-4.31583621432338	0.794598738814297	-3.97033899599059	1.14505276581693	5.47265830515985	5.91961680020764	0.0847550811228368	3.87801110967676	3.92528717764107	3.84936670441364	0.323335954307286	-0.427003756507773	-2.40163067268556	-3.90719573389468	1.03038053124875	-3.40077856488011	0.231808212834607	-1.52217582146024	4.67268343629046	4.0796189865879	3.44757835011629	4.5485117482717	1.58334336574776	-1.19509629884138	3.98058097042588	-1.74051744751951	-3.17589826434167	-1.42406404807415	-2.91618106843915
p70S6K_pT389.R.V_GBL9026255	2.78646166092213	5.5567644455864	13.1842228493103	0.544828085818242	-2.80596144314327	-1.85651776262104	-4.48830939046212	-3.23435084578308	8.61237974061819	-3.83906741446309	-2.49127635408871	-5.00009403514881	2.39513236017673	7.93679458757664	1.53988365620348	-0.709348707131097	4.7564366166016	-10.6869273515684	6.23656374042272	-3.03101999643265	4.32582801953291	1.36164858083576	3.72075681144968	4.35030436423026	-1.70160871489679	6.24812121350819	16.547257843099	1.38322572351954	-4.47428103623835	12.5530464211376
p90RSK_pT359_S363.R.C_GBL9026256	-4.25968087684613	2.04559266787308	-5.83324003263262	-2.5521429735623	1.94849802885934	-4.66136904787439	-4.35466658597683	1.56747355413617	1.20613792871596	-9.72469292523635	-7.07231960206528	8.19163762333186	-5.09287750364583	4.78518022732401	-0.849426095872944	-6.02008091053425	16.4103343371912	-2.19595292065608	-8.19045532694307	-1.58916310968965	4.30987025019369	-6.48948143502774	-6.76810199298353	3.84509420096949	1.7855542317312	7.77723257181629	9.69706253572364	-1.71737279992186	2.08659652262817	8.53773168420004
PARP_cleaved.M.C_GBL9026317	0	0	0	0	0	0	0	0	0	0	0	0	0	0	0	0	0	0	0	0	0	0	0	0	0	0	0	0	0	0
Paxillin.R.V_GBL9026257	4.30486149736706	3.93263749246386	-8.10233184277959	0.306805746184885	-0.926576573271299	0.294948145035511	2.81718300149263	-1.39717713985319	4.30721680983452	2.37239954836613	-0.896740378347193	-0.11750951797644	3.04429941910025	4.89633642773471	-5.10041367698763	2.46791982473779	2.5625249713272	4.63963004524831	-0.605480055925324	1.16057739005864	-1.97433434046645	-1.20975508672021	-1.51520368099771	3.06669497645551	1.81632282589896	-5.59174365071259	-2.95603761350642	4.34943276104852	-9.56733879298792	1.90985782449042
PCNA.M.V_GBL9026318	0	0	0	0	0	0	0	0	0	0	0	0	0	0	0	0	0	0	0	0	0	0	0	0	0	0	0	0	0	0
PDK1_pS241.R.V_GBL9026258	-2.95373453040375	4.81115301300548	4.1678585880586	5.32396086240675	5.23872999140294	-3.86288167960603	-0.218380278677083	5.7301938939299	-1.73815827971581	-4.83928210153829	-6.43272449297466	-6.55150480831037	0.090689904915168	7.4874554399375	-3.97230020494846	-11.0738938354024	4.01808192805193	-11.444376995683	4.40687063890119	5.83490333143241	2.0434334516303	-6.0638309014087	-4.13801785760444	5.64833853929508	-3.6250229634957	1.00433316875454	-0.550261294685145	0.580094149981498	-6.00293184201399	-1.43350280433733
PI3K.p110.alpha.R.C_GBL9026269	-0.992071163425726	0.779269287091491	1.45042025578564	1.46646670631232	-8.45108062853759	-0.57368711413178	1.75683705661706	1.7237232128277	1.80002171742602	-3.9763267720071	-0.647200541820611	-3.86772983395267	1.86042731425565	1.22417511545106	-2.12972875486556	2.53095855036759	-0.770997565590355	-0.863133324216314	-1.83593837043974	-0.332055826256827	3.20363379190262	2.51904008473417	-5.68759356707199	-3.11500673179855	4.03155565267769	-5.71437533554207	3.67007078176388	-1.93230173441085	-2.0325772183345	-1.87935236177125
PI3K.p85.R.V_GBL9026270	0.813747058951797	-2.49962772400821	1.33863927363719	1.07408427688324	3.63699885312493	-0.967430635708227	2.34151896887445	-4.2625693860932	-3.27033192756188	-2.75595097292122	4.65634151229441	1.3941479330817	0.012817895099018	4.89431971637696	-3.99048025255592	4.60977384559421	-1.30919597823005	4.35475505299789	4.22405430357737	1.15391254601181	-3.96100129421759	-1.14085328077232	4.34473864456571	2.07408559869449	-3.13411836842224	-2.433394121829	2.95928487786579	-1.23280511574408	-4.35196615663406	5.55080903242953
PKC.alpha.M.V_GBL9026319	5.39579912049065	-0.0266654022436814	-2.04818893680878	3.43533191842855	3.56251986746949	-6.33256886272427	1.17591913426978	-2.49921600708761	-0.0412229948499661	5.5769607664057	-0.588429433720359	0.204324023795692	-4.78492368183371	0.130528698414523	-5.02223647346679	-5.05360031997523	0.978972411995289	5.5994651124971	-1.79461717576467	3.03182176966299	5.25948694142412	8.68481312492748	2.95206464236282	-3.4276290240298	-2.80973733087994	3.32600226507666	-1.95902759901214	-5.8087726853685	-2.19151130158487	2.34404058278822
PKC.alpha_pS657.R.V_GBL9026271	-4.13765545708958	3.93607508933992	-7.64016222465388	8.70190773975434	3.69844961377697	7.74298482626438	-3.83123242745436	4.85220788315713	8.2252628941972	-4.14108813856274	-4.84765146277189	2.66979412505858	-2.72368978776881	8.26197864736964	3.58011421661076	-15.9270011482764	0.69666210641539	5.21971225968388	0.151033389720293	-4.87565908668501	-0.0752179890071295	2.49828981269404	-4.65374519260307	0.280796072924069	-3.4374764560235	9.97693134506271	6.19864807312768	4.95752457257914	4.7186872630056	10.4586244429822
PR.R.V_GBL9026272	-2.71027954439908	0.977079066286182	-6.08610052993969	2.84147946854816	-4.46304806105054	5.58973777378701	-0.523840908217899	2.47299655751445	-2.1923007338697	7.93108048303253	-4.17159841265375	4.88681070921448	-1.1985380367128	5.60612013025148	-3.06683273699358	2.37823190009677	3.52638010561071	2.647791761389	2.38175983782462	-2.51740863651724	-3.88931282485359	2.84951029500789	5.78793917033877	2.73704378462766	-0.296191375489152	-3.09114867724375	-4.84219841803697	3.74929361807752	-2.06834880965656	-0.777820328048737
PRAS40_pT246.R.V_GBL9026273	-2.23471973428479	5.47672218263722	-0.092057463679686	0.527427771136438	4.69984431337519	8.54254128466643	-1.01243219493854	-0.0476336788552177	10.0310072867445	2.00387152658411	-3.90167806094278	3.82434586012858	0.150065274373929	-6.362766305344	7.79223571007253	-5.4735122249566	1.12234010736642	6.05217379470309	-1.13387076825491	7.8007728321505	-8.39285623216587	-6.12158609737594	3.09944152610766	-7.56040922454772	1.33736374646973	8.32811905681486	13.8072753599795	10.9568436650827	2.13756558396793	6.78496956930741
PTCH.R.C_GBL9026274	-8.35968457330006	2.71184089694311	9.34147286256303	1.72989751478636	-2.05728393313535	-3.59819771349889	-9.08152040321989	-2.55980934192776	2.63985314641445	3.2331981955579	-0.900185919555285	-1.18596922528485	-7.39537247721836	1.01827392147097	-1.20256620464467	-5.54385689704468	4.02018792384842	-5.71448782266595	-3.33833128660543	-12.1184842795027	9.12545261460743	-4.00157251794469	-3.48790499901943	-1.55118587304489	2.05494601553206	12.0173102119188	-5.71067096494726	0.848128163232504	10.5525170562202	5.74856082012035
PTEN.R.V_GBL9026275	-3.69782953021435	-3.42126084768143	1.38157938616299	-1.15022522088049	3.36075812650194	1.55830844468357	0.415346191118007	0.62397114063558	0.779017620451202	5.02552716671948	0.724227051805218	-3.47932007811319	1.78845385748688	0.892502143487886	3.63854225153119	1.48524233122096	5.61633602480455	-2.82659661317693	1.3858271607181	5.9854660515468	3.25438186422028	0.0645815629133563	-0.319892124917346	-0.494713212482117	-1.37573265578473	-6.29332361773939	-4.16036543377154	2.38725157009791	-3.54664786522111	-7.88444009120361
Rab11.R.V_GBL9026276	13.8794784418265	-0.0755957375844663	0.0821564920183388	3.16262352689988	5.31385492838166	4.42849022821705	-5.76667197768849	-2.03942454299616	8.17904061905828	2.39501412208759	3.62628186678473	0.51676207133463	-0.676982558686349	5.43759925484592	-1.284615775859	8.81476777346637	-0.319238021677124	-0.968545908341194	-1.16493838976745	2.91756000395071	-4.89822418755439	3.04484908347461	-0.22335822026604	2.9679334704379	-3.1925560087442	-2.44679586884765	-1.84028564849043	3.69537793610659	-2.76340947586559	-3.79515228100016
Rab25.R.C_GBL9026277	-0.842288954146573	-1.45547197563393	-0.418901781395606	5.96721307546162	1.75247669712335	-1.21052444880491	0.361882342524629	2.25874081305382	-3.08191087207676	4.26978583725759	-0.515691158646496	4.36467172513755	4.94654378757282	-0.40686090925801	-0.346072558584473	4.18332660775243	4.94189449013868	-2.37707072557959	4.14271457688202	-3.69884210124601	-3.19383092779316	9.19473707359247	0.277661745021209	8.45728675035404	-0.792303516275187	3.31100248238925	1.10976760582172	-0.77914570953262	3.2535430992473	1.0582307600621
Rad50.M.C_GBL9026320	1.59255538239986	-7.03213510097068	3.29628675214486	2.02562858816202	-1.33685310940568	-2.64281018388807	-2.34959949131433	-0.0727033759229197	-0.998937165477312	0.175379724459347	-6.6814166548575	0.685486172324216	-1.64219831524661	-3.01205834473051	-7.04996106875352	-0.329026326194643	4.07436561797274	-9.09934887637289	2.25326233360156	-1.7520687649776	-0.301135034752718	-0.400529915051389	4.94458469665528	-0.37797081716202	-3.61592273917232	-3.22325987982787	1.66163061290788	1.67787508637325	-4.94990159075236	6.55506541783153
Rad51.M.C_GBL9026321	0.0527877208550113	6.56914402514861	-0.953955681759315	-0.429472802433398	3.25234469769397	0.544501805471626	3.26683201611129	4.77185771441726	-4.41736015619313	-2.43054822960888	-1.6010536122322	3.81702156530391	-0.927392004297505	1.63889362236048	0.770043920335062	-2.1003167614746	-3.32868279034665	-2.66360506156338	-8.29728032646115	-1.86061699212823	-2.76420946555373	-0.107679984104306	0.727055177740821	0.36157700480529	4.88810650206487	-5.49799430258193	-0.0236911647398192	-3.21055676516382	1.49514271472298	-3.00314805235495
Rb.M.V_GBL9026323	-0.99889766204321	0.134291300969911	4.69516975424732	-0.0802473896175366	2.61795616402255	-2.95169525860125	-1.51808870546238	-0.438927259524404	-2.73594021025314	-1.69096281020637	-1.42187140982984	4.88464069571131	-6.32553811753947	8.36910797714955	2.65536804334194	1.71286876058328	0.522876930819284	-0.82316065266383	2.68796744453595	-4.23150867948708	0.575478889557291	1.95025626419212	2.11807926740584	5.63197734875286	0.242029614440836	-4.38564290101129	-1.97668411899366	-4.09680975140637	-1.61761934356573	-3.33003810791871
Rb_pS807_S811.R.V_GBL9026280	-14.725789408129	5.34963645989344	16.8990725003804	-3.40103928654708	1.42673075261425	-9.36148999690742	-10.9080252860928	4.48961293181085	-9.26639629995282	3.54245157118264	7.11818933623914	1.85216925547965	6.18473549673598	-3.60573881853768	6.93820406004251	12.7470751382851	9.47256177423261	7.19140205572323	2.68654651150334	2.2737523039588	6.8828029800401	-10.9663120679474	-5.76460498779286	1.73955394579603	-11.5123183348524	3.39652548740753	-8.13414726826449	-4.68635979077578	3.0311153839319	5.44480371399366
S6_pS235_S236.R.V_GBL9026281	-1.46027050980993	2.99531032268208	-0.248670776208524	-6.16730933804282	2.05889868729377	-0.593491778317448	-1.37963011764371	7.56543661739645	0.476735199484207	-0.0322679053494322	-4.34863569585209	4.4245638400492	-7.51965898753966	-5.57984590157184	-0.765597073702294	2.8602962191175	5.70702558036552	-3.81003537215464	-10.6613232379495	7.70771250732869	6.62259459302233	5.67141224546846	-5.08456294284268	-0.0522006957371408	0.552613374215401	-3.1515527383721	6.92483686839963	-4.50959017292445	10.4054765523595	10.4034063441315
S6_pS240_S244.R.V_GBL9026282	-3.8604575946355	-2.34537700918806	0.465491069580829	-3.01152526767976	5.54777322730323	-0.648802792843103	-5.13253655593797	3.85339611154785	3.22035726305968	1.83765386731079	-2.19145312639282	-1.60156393480902	-0.22715162533807	-6.84391533263187	-0.310534221054958	-1.46557527278466	0.487602168973742	1.12750831540338	-8.65098125202596	4.08573931586371	3.29428538631639	9.36493546978672	-2.74935938829639	1.86652882316598	1.62994136192318	-2.59191123332668	8.17587900458315	4.96216665488732	6.49768988440494	5.70583954853398
Smac.M.V_GBL9026324	-1.89975034739239	-4.47720573789971	3.05574656738959	2.75191096245712	-2.18230071519279	-0.804075786652049	-4.52359489213997	-4.7149026907294	-0.195548042042215	6.77555159062305	-8.6338769400628	-3.53350795589856	2.20010266097249	-5.88189067076386	-5.25215199424063	-5.11403368467513	4.56898533482228	-7.51332531635226	-1.1973105087247	-5.71019996779954	5.16898985767233	6.5325088346902	3.90285281457028	-1.14718617921805	-1.2368528230348	-7.13226413100111	0.0654087597637209	0.718601936740726	2.21049148442636	-2.7301582221529
Smad1.R.V_GBL9026283	0	0	0	0	0	0	0	0	0	0	0	0	0	0	0	0	0	0	0	0	0	0	0	0	0	0	0	0	0	0
Smad3.R.V_GBL9026284	0	0	0	0	0	0	0	0	0	0	0	0	0	0	0	0	0	0	0	0	0	0	0	0	0	0	0	0	0	0
Smad4.M.V_GBL9026325	0	0	0	0	0	0	0	0	0	0	0	0	0	0	0	0	0	0	0	0	0	0	0	0	0	0	0	0	0	0
Snail.M.C_GBL9026326	3.26919409992987	6.5441519414383	-6.7542163653347	-5.1526519936327	-1.25932057565701	1.54565234518143	-6.06280058912858	-2.87499545678722	3.60010926435777	3.27550460055497	5.37017068947981	1.43815858219	3.2054851477178	-3.22607670042086	1.72407991785265	-3.2995060585253	-7.62910779355204	-4.09052527214762	-0.675448706842904	2.10350955333252	-1.67777204476506	-2.75439795520282	-1.15981120076457	-3.43335523909262	2.71986420256696	-4.64531931251856	-6.30467741599637	6.42347974489689	-5.85960432100764	5.88726397175569
Src.M.V_GBL9026327	2.4382889205114	-0.422657762112827	4.78323349595525	4.54604441524567	3.64102371081776	-0.766215824456415	1.85265516804942	3.00168248830948	0.813250874363766	2.36400128994013	0.647948062214382	-3.0811995746355	0.721237776099099	2.8805804760789	4.52695544562513	-0.161014643529212	4.15401426949096	-1.40460713079602	8.07222888386929	-1.00276032696688	-2.78164711939979	-3.96690157492975	1.10370007818941	2.59638421838638	2.59716302144265	-0.063336597690574	-1.48774687322953	6.77853517336323	2.50334132785985	-1.49560888061398
Src_pY416.R.C_GBL9026285	1.33515216881872	8.75290268228943	-2.32197641181969	7.42589669095945	4.26007416559346	15.8038539129166	3.14052424124454	8.847636847914	7.98104817431687	-1.8616119964201	-8.99681119162878	5.73564129488626	5.36782331796137	-0.53003727416914	8.49175135856052	-3.06602329208014	-6.12507636992409	3.59710195655964	4.67896436345391	2.42816928587159	-5.08539373449679	-9.41721578660918	-6.98763360699089	-3.88474468104321	10.0786188166203	-6.70497309360334	2.92566406874261	7.13597026421417	-1.85201691316148	-10.7251692004957
Src_pY527.R.V_GBL9026286	0.350110332358734	-6.87671548367169	3.90380097656102	-3.40017355092923	-5.05212548194276	-15.1636948731039	-0.481065558413186	-12.8136613352664	5.23173598013105	3.640430377097	12.1275169028425	-0.26084032745248	-4.47187983114473	4.78504099063644	2.67156082341238	4.15580955775375	14.2569452502793	-7.2184462817314	-2.9061490398891	2.19377242606705	-3.93145405107347	6.68984681991699	0.910190537029997	-5.98172060146022	-17.4941618272865	9.77654716033835	-5.4488274716473	-3.5426342010101	8.88623174115374	2.16415905440209
STAT3_pY705.R.V_GBL9026287	6.71061575708673	7.04036063220073	14.6486096280642	13.2124222538098	8.13395196309704	2.3574137863026	-12.791677947414	1.64542368968981	14.1829097976888	0.0153407575894999	0.717865392385683	-2.95241123930684	6.61079484491352	10.9026175284245	2.94849942133589	-17.1063504076193	13.5684091515437	14.5730869345405	-4.54807533562541	13.7339281943089	0.149926364402492	-8.88955694452549	-8.15272961069468	-3.35027790037905	11.4070174961848	18.3824334300913	30.8926843979473	3.18100107057643	6.16992089588434	8.58390517641395
STAT5.alpha.R.V_GBL9026288	0.595365264292558	-0.734533443580873	-3.17203295859509	3.99924552822104	-0.438954284401199	-3.00092551201792	2.39785138328595	-0.650503244143326	1.64301483538598	-0.181849430724461	-1.07702534571399	2.77910183639888	3.05262193387563	-1.20569445163648	0.904633754579111	0.761725597019445	2.92229738215729	4.55374433669858	-0.666842191985461	0.4217050427891	-3.73698821993617	-0.0549250446820177	-2.65190133217386	-2.31563864142376	-0.620124567636522	-1.5914701647486	-0.503421293376457	5.07019478117569	-4.87419425923187	5.46656773221189
Stathmin.R.V_GBL9026289	4.11891166675766	-0.421593511140247	-3.69286941275073	0.689518266467586	0.686362702383559	2.32742104201356	10.1790906581409	-3.28487675824578	1.16271620643846	5.65486380469202	-2.18380778839667	-0.338483690937159	7.22207980393932	-0.366012572943557	1.55885543576933	9.00481216746573	-6.60509112488186	9.02867010642607	-1.29509016177934	0.971653093867491	-14.6172916387598	7.47669161218438	1.64260495679523	-5.64838003924996	2.37869377345265	-0.78584258354817	1.16101795199833	-2.66680841201201	-8.83446827446707	1.68087281581353
Syk.M.V_GBL9026328	-0.673324456302278	1.17550091645009	4.40931387403493	0.713631684591635	-3.21779004735899	3.63184922941079	-1.21949300763752	2.01640453512846	1.10981089851585	-4.90313923285859	0.889080273025723	-2.06602824434511	1.64393776866569	3.71700381405931	-0.549201282736542	3.05560095798238	-2.02545148409865	0.578036762388453	2.24978255632503	-5.52955751044594	2.73844126344156	-2.67487966334214	5.41905644365488	2.10755524549594	4.08199877247812	1.89379019358432	6.36718686838146	0.894749671598316	1.88749238256118	4.70305584837659
Tau.M.C_GBL9026329	-3.46265821040031	1.77789612736793	-2.76630980044061	4.12910289094477	2.06187567304045	-1.53962922135459	-1.83247272007017	1.93406921241952	0.141049575697651	2.83027680261379	-0.349565884352625	-0.322345448420999	4.7306668366223	3.50067351302648	2.32243323659987	2.18366524246544	4.09214635072275	0.522112540894392	0.291507962155655	2.74567387965456	1.22279850184159	0.920478008713264	0.555584667356531	-2.02650885797793	-0.00924545200202631	0.0664271657388039	7.26722266603673	4.03856232012888	3.11219849016036	4.86688735699992
TAZ_pS89.R.C_GBL9026290	0.763310883585738	-1.56384173249834	-3.41765665607524	-6.11218041754128	-0.811510660810269	4.66685999217318	1.25245438694683	5.38807850897938	0.275123787823519	-2.37572673005133	2.94960819072704	-0.104363898326777	3.60856129492292	-6.21650567786749	2.55677828378491	-1.67961033811715	-4.52590656429872	-1.92257479627234	2.88978370265609	-7.41808001452632	2.36289878896899	0.782656400510726	2.18561058168454	-0.194903286448694	-6.92853810831672	-0.252497753446175	-3.05635927803323	-0.212208014837084	0.285912802256378	5.03831138528609
TFF1.R.V_GBL9026291	-1.85477229688655	-1.06821752264664	5.92212348563372	-4.84693632336044	8.41689539062989	-0.283334270795834	-7.92820183982319	-2.73706682903885	-2.61433469307494	-10.7067407968159	-3.54811844932366	-7.4541003244947	3.30747036811393	0.311884800239235	0.837936669512944	-10.735564557498	-4.27873132943446	-0.992793470230528	2.99160840449638	-1.4894997808616	4.36935332483042	-5.2382757176593	-8.36284955359752	2.06433497909947	-12.0510891940505	-2.05165856862572	2.87588610862133	-1.41056482303401	3.7589227105725	-3.40508058240712
TIGAR.R.V_GBL9026292	0	0	0	0	0	0	0	0	0	0	0	0	0	0	0	0	0	0	0	0	0	0	0	0	0	0	0	0	0	0
Tuberin.R.C_GBL9026293	-2.78045761222343	-2.47579150499037	5.7671926574763	-2.77301475659274	11.1437738080053	0.757141023061538	0.368191837474962	0.167738533308056	-1.55013831520132	-2.64355378705762	-0.586850362437085	-3.07543282477594	4.34483824052597	-0.515638330982401	3.2830153681548	-1.15057575579379	-1.63936008994268	7.85921629839997	-1.28065087405043	-1.75393144472653	-1.91556303128069	2.27825636395372	-5.03686456721278	2.91603943193661	1.83465953092179	-4.33274047104678	-0.0280215214694983	3.93283158625944	4.42260110323698	-6.91717787515739
VASP.R.C_GBL9026294	-5.91498932709707	4.48311228663937	0.427989439974613	-0.298821447349096	-2.43345004831767	2.08693868478573	-1.70780002611899	-0.102384154003933	-0.873293859861139	3.65522672229325	-1.36113531086413	-4.66363415121859	3.55389289604275	-7.35653678361334	1.02646058886795	4.10112182953207	5.28918771707809	5.04141929994567	-1.04347833098772	-2.74571191534072	4.22189049092165	9.43300752781967	-2.68867663627067	-0.189466262729152	0.323669002273897	-3.41758208080826	6.0428882806281	4.68313680978614	-3.22720855352992	-4.8788397214009
VEGFR2.R.V_GBL9026347	4.29997379646539	-3.33295864379963	3.31689528412775	0.653585580707194	-0.788295892641528	9.79356621228785	-2.84826535888546	6.9650138927146	-2.97779984149009	-0.48179351991695	-5.53797030152819	4.3549336118964	2.91054477083831	-1.96279079318647	-1.98631021704706	-7.89885350769028	-5.98324417867668	-0.448667778664705	-4.71596105376031	2.44714279550956	-2.08130385010736	-4.6430738468032	0.40768183268623	-5.95324091543487	-2.22313833375503	0.0136904818952751	-2.93353427538578	0.173630881198911	2.22838698640655	2.27701051708216
XIAP.R.C_GBL9026296	2.57128197025683	2.80877602123179	0.688658355340253	-2.7624987732728	-0.458675026127564	4.12465190549298	-0.046292471617517	-0.21359652256444	-6.51690103635701	1.67247209290921	1.02216006962406	3.21635791753082	5.07506888874874	-4.25743917824295	5.01573872923946	-1.92485723413948	0.858554040248403	-2.12389314062626	-2.17153987616485	1.29291416319158	-1.20124657857516	-1.72156209769168	-0.868679273586203	3.53001575381645	-2.45906564857685	-6.97646973307193	0.101199399798712	0.529757521367108	6.6549044572837	-0.783852821398411
XRCC1.R.C_GBL9026297	0	0	0	0	0	0	0	0	0	0	0	0	0	0	0	0	0	0	0	0	0	0	0	0	0	0	0	0	0	0
YAP.R.V_GBL9026298	-1.38141173228259	3.53790886417853	0.0190301066525941	1.86844196743594	-0.151851126286894	9.8233535225588	0.0174024206761002	3.64372256199893	-1.87485151516582	-1.46739548128389	2.64272890011724	-2.69860723961495	1.96179296103742	-2.34645430432537	1.67830199338578	1.98629121376304	-2.11944131810574	-0.294353928994042	4.24282343808851	2.44012561082369	0.118039386227514	3.1043400785802	-1.1371782851914	0.359954719551164	-0.600433016311381	1.14408557022376	-4.50115611288277	4.37700195911999	-5.03077819965195	-3.75527801093425
YAP_pS127.R.C_GBL9026299	13.429139683225	2.31973889945827	1.23013644231043	1.44961930322448	-1.20989637348637	5.33669322418197	1.32667806429208	1.12246721588122	11.4290753119405	-2.894583728262	9.02319457088084	2.80367247513686	0.343192756777068	1.23456806384673	9.70519009743037	-6.62866219491008	-7.53261691841597	6.76420134793522	9.08956641135248	-1.51156055924416	-4.41127183282717	11.542135927895	-1.46785365060671	-6.50686681563097	3.22352857575878	5.9562591663228	0.920478959475022	-1.07021476882994	-5.46908912346396	-3.71862813280418
YB.1.R.V_GBL9026332	1.50303160730331	-4.62020896635044	3.98985951380953	4.0591852124781	-0.398446861093059	2.47756023747693	8.24419677736693	2.04726207907751	0.189104434565758	-2.15460229539932	0.788666412807582	1.91705425542686	3.56629512465192	1.72267696666582	2.62130910391531	4.74215971854475	-5.56681275080979	2.93268021094758	0.0267498757759306	0.366630053905097	-6.76113065280389	-3.62399842673486	0.725362318529956	7.38125051705884	2.00737328679266	-6.17677911588096	2.01590608645559	-6.30372157587322e-05	0.64933191463647	0.534778294258767
YB.1_pS102.R.V_GBL9026333	-2.39221585054027	5.88410037761673	-9.3619638064281	-1.2804384896544	6.62335299001421	-0.232553958615284	3.84679398348092	5.35275344898327	5.29480544257182	-4.02013970262868	2.17247656188312	7.30042119149468	7.19232704567812	-2.19796086010757	9.84746264059186	-11.9479950382842	4.85013715441833	8.52582224277292	-3.58171118091745	5.55761549054702	4.40720020930341	1.48756910210098	-5.20206102299997	-3.18950162837716	0.515442732981926	14.6917168100751	4.99544774620071	0.818706776160179	-1.33801184752344	3.5220082146782
