V1	V2	V3	V4	V5	V6	V7	V8	V9	V10	V11	V12	V13	V14	V15	V16	V17	V18	V19	V20	V21	V22	V23	V24	V25	V26	V27	V28	V29	V30
X14.3.3_epsilon.M.C_GBL9026348	-3.42639734904411	0.0228672173865692	2.47917859940198	-0.94241527138672	-0.406575419017317	-1.36870646856431	2.83504116422908	-2.63165439670989	-2.8004582802365	6.67457674252279	-1.0193446833615	1.69367108087634	-2.60622281478658	-2.64414097132006	-1.3129775591227	-0.183035663234918	-5.12092941434332	0.672326123153965	2.03538662217947	-0.00819250113762882	3.35373679162499	-0.333746780574377	-0.515806571312118	-3.38263440405002	-3.36841625734926	4.7536666353479	0.957162119154279	-1.9465919397686	10.0592689682863	-0.0763121072020345
X4E.BP1.R.V_GBL9026169	-0.777740757515661	0.806255689174116	-1.29087517623077	1.62989218595298	0.068336103301128	3.41929095753461	-1.31931339517952	0.724580742666557	-0.167920956760017	-4.08213378110931	7.33387955659299	-5.03872879875208	-0.630519614208023	0.907647504052604	-6.15432269232988	-2.94994681089149	-1.43512436697075	5.22498468847878	1.2899524177492	5.40116988244143	0.691742572988404	-0.622080635367986	-0.560946561282596	3.74171959891221	5.44132647132119	-0.705774673908876	-2.59293161282839	-6.50259820771412	1.34863796601473	0.542756431620502
X4E.BP1_pS65.R.V_GBL9026170	0.603807749986446	-0.292632141855721	0.378693065068735	0.907834557420625	4.32521327982884	0.99513122264837	4.79664263772221	1.51112562397062	-0.887724842420785	7.60216633431364	0.0799275402375492	1.84046635900846	-2.92980212751275	1.04798971866222	0.925062094045837	5.0266551589471	1.55766976390647	0.119075079628558	2.37869584401412	-0.205241524958864	-2.00048348671069	0.506385068873024	1.0054075665621	-1.24825302007006	2.19551462782995	-1.88251867330012	-0.595211940591748	4.19873290625773	2.82650730301503	-6.6608356011091
X53BP1.R.C_GBL9026171	-4.54069465058631	0.419642910154232	-0.524140517618665	-2.22072795003289	5.95719907711519	0.425774591671951	1.1120820494517	0.0407757095033104	6.57989892014318	0.450090229047266	2.10180085445925	-4.16712662044133	-0.248555205028053	4.56045839731356	-1.02161278016741	0.556899614708992	-0.526684024497144	0.360851406603777	4.05944766707622	1.17374780855618	-3.59501901618555	2.20352228839212	-4.77697565101179	3.11447407668678	-10.6543958526046	2.34600782880749	-0.564806465538274	0.872158997858345	-0.453109287850717	-1.00146028739449
ACC_pS79.R.V_GBL9026172	-0.365968343174854	-0.0846458004030593	1.83487945090853	5.49812187181154	-2.13588565150892	0.678831985664834	2.56904026256516	2.2786234940389	1.05451173331825	0.503732015372305	3.18469339453847	1.83345001365925	-1.33387196655344	-1.19515696500654	-3.26763688891063	5.58478325819636	-9.85631833206311	-1.3779879411523	4.16532398645889	-3.55164196213776	-2.70900394611049	-3.18880033886584	1.81667730637768	0.727532128926082	-1.48098711207996	-3.58634865308795	1.65659280119907	-6.15370397473496	-0.523616952505213	-0.34441859624107
ACC1.R.C_GBL9026173	1.05850020226111	3.78200110639225	2.33749623912111	1.01805743677431	-2.17242685590314	-5.20823759407796	-3.60805206618336	0.154452089170813	-0.967535572416741	2.1706630138077	0.895998153668843	5.68292257859839	-1.78205473564118	4.71556077379057	0.893070869453054	0.913488688327549	-2.20534704194394	2.15553249923166	2.42022865614901	-4.50944562865997	0.462403803500785	2.00325424353985	-5.11061452889212	-0.304249537003175	0.375029742048407	2.75310544211621	-0.787166945307412	-3.60651040749857	-2.76526130669472	0.246377492654174
AIB1.M.V_GBL9026302	4.04598443433107	3.7151896751606	2.64768977728042	2.84651423789676	1.87774749095536	3.78314936077873	-1.28806453430368	-1.17405541885543	-3.91528086882401	-3.04393011617626	-0.348587225543898	-3.84584156040307	2.6224699760318	-5.17094984920928	1.59698878829145	6.04369163942819	-0.552229957428631	-0.250671631096354	-0.857415342517806	-5.41622903322442	5.15634394778109	5.94098342887722	-0.647389917606971	1.65426595404256	-0.362193174732493	-2.68622688487981	0.96129692601979	-0.905673868773934	-1.02864529701712	4.22291182840911
Akt.R.V_GBL9026174	-3.69493282457544	-6.88047749547365	1.86564097010978	4.31846770393421	-2.58952428503938	-1.76590589048463	2.00267040936983	1.30086697243126	-5.53052880391064	10.226333856271	1.66427477878601	-2.26376929754257	6.13991579394289	0.450176181065943	0.611098827882207	1.22383073101069	0.544253926137019	0.365413076202531	-7.9906131226887	1.99984187014031	-5.88391286072521	-0.838355567111947	-4.20058047070994	2.94872482355376	-4.86382773142266	-0.408863980046322	4.17654843655949	-1.48456695758165	-3.38389783708407	2.46074344263135
Akt_pS473.R.V_GBL9026175	5.25118374686691	-1.48618365340661	-4.38043138146705	-1.98062569638519	4.96674379028621	0.00495383302501548	-2.8390719930277	1.51103642813552	0.809907381077432	3.11093727683592	3.29239158108906	2.99588026362379	3.28490380105626	3.18698711498564	-4.03759329255977	0.842331426087422	-2.97574907557657	0.465603606495202	0.287487966701012	-0.212292931510588	7.30834159708423	-0.97385107143367	-1.81483169386291	-1.56052845367392	1.42643041122544	0.533158172842562	-3.37450275589838	-1.61335658333298	-1.48339640589404	0.872606357107866
Akt_pT308.R.V_GBL9026176	1.86853708769125	0.944606958281587	-1.17188309929931	0.780101176495784	-2.9517141717996	-3.37832594299653	-1.48167130611484	-1.97839557056872	2.06015576975247	2.2834310961374	-2.33885849315133	-1.44516012962225	6.7613687994049	0.737248887890593	-1.39942825189453	-3.20477185703189	-0.245993456474693	0.966888814435039	0.0997451044826343	-1.93193188076676	-0.882332135273594	-4.48074533573397	2.55895079830605	-0.835253686542156	2.54401100350971	-1.57275378058069	-4.47305550026075	1.1563726379736	2.64153567863658	1.31175133241981
alpha.Catenin.M.V_GBL9026304	2.15139179967299	2.66137373077261	4.51891923813868	0.0829608487052108	5.31207512435588	-5.41390181025742	-4.17948625564833	2.00910877122082	-3.43553574150435	-0.554718422270215	-3.58648509685668	-1.21635866608545	-2.57000779365704	1.37933602628118	0.242891952489753	1.08434624819141	0.885769876708285	1.85331381171791	-3.68963970813711	-2.39134597483672	3.00312265712348	-7.1796399439311	-1.20671167770844	1.4562105408617	-7.74332530262683	0.209272919218226	2.26216031997038	-0.0506815869875073	-3.32695183422228	-3.10720971033801
AMPK_alpha.R.C_GBL9026177	-4.80278878041437	3.66631806886271	0.669500692247323	-3.09350963380808	-1.76692211851952	1.62268278167132	-0.227929445630529	-4.85393697437732	-0.205262784165631	-2.06281378869791	-1.27591327548258	0.53793325205928	2.64916204266723	1.07108080777756	-6.01906305443383	-3.96165452784665	-0.82695367982371	1.05526266325241	2.63528668710999	-0.756357277194212	3.26533160110819	0.980534555382486	2.47195607720849	2.27487529116445	-5.11181186255529	-1.09174391843485	2.30776832974656	-1.00228631278332	1.4329966209123	-2.46145506859879
AMPK_pT172.R.V_GBL9026178	2.279519811322	2.47380963674414	1.24194621072538	-1.64183759067829	-4.69630192903745	6.17596633255763	-4.38684021142293	6.76079003109819	3.92533177931963	3.86105666738323	-2.84276016462907	3.64829008049191	-3.01666377212191	-2.21407662090398	2.36926960311181	1.28678127008046	0.684869468243705	-0.774568618627882	-0.0247137212620156	0.945125442722661	-1.97783525691216	5.26414777259752	1.61291398925445	2.06911944663254	2.27007406910524	-0.285272113601905	4.85802052276516	-3.56835768165115	8.93348313200528	2.56594634587339
Annexin_I.R.V_GBL9026179	-3.695590982725	1.1836534569324	2.93157391180426	3.71454996953731	-0.502856675082407	-6.55291228548753	-2.50028509217542	1.81249503152495	-5.10377964711517	-0.870504346621221	-0.369669307364617	-0.260114715134827	-0.949273636275125	-8.52526751153047	-2.51372880456909	-1.53578083085567	-2.643906715771	7.07975655933245	5.35978964234684	1.28589694485571	-0.852167302435049	-4.24754308208957	0.106537312886068	-0.545407372599086	-4.90238631793716	1.23009018827403	-6.54095336543054	1.30752035666531	7.89336921147992	-3.22000996701391
AR.R.V_GBL9026335	-3.66379942292427	1.94312777743539	0.131130221060565	-0.528204311832824	-0.737393487569804	-0.607981204359276	2.56734759854002	-3.6793972283924	2.27317106222138	0.615414068776378	-3.38782050067595	3.9291276956737	0.374081722487792	-0.431220143520266	1.07584271510764	4.5157863728313	0.0291182940694754	-1.08871261136071	-3.83281757111768	-0.35310568306709	5.13061975254357	1.90447083840659	2.69836240088435	-6.89001060177972	2.01053569846442	6.01172057536975	6.80048918614826	0.538706234585942	-4.35876416820361	-0.797582919437506
Bad_pS112.R.V_GBL9026336	4.30822403935483	4.3347057998099	4.10536622510598	-1.50141469959123	-2.0936338844496	1.044860197043	5.37936475933157	0.426590592967533	0.172152693508724	4.96620861162935	-4.38647039825339	2.98021356014577	0.392895713867856	-0.532413301847571	-1.59085981194539	1.59091363292163	5.10946050501684	2.22609707133911	1.92882943833689	-2.43374921614061	4.09672588564068	1.23784135714506	-2.3008242013759	1.08998652297097	1.17191546560457	-1.39411184457175	-2.22805242277971	0.561332719297081	2.81999651006662	4.61559329612743
Bak.R.C_GBL9026182	-1.57646937195971	1.25984046216323	-0.0891685176314972	-2.9606050157793	-0.0648683436480558	-2.38252664986241	-7.11608121037392	1.01872424304795	-0.975369614733076	-0.0477812291269525	-1.56165232116566	-3.37617151244722	-0.511578875880664	-5.61754362391056	-3.43944788421178	-2.15074664649641	-4.78476408916926	3.22989471302874	-2.00933762215325	-2.92792265538716	-2.02249042876657	4.60556700354132	2.04028775913044	1.90987976560127	-1.1540682563416	0.876655539543011	-1.67139960072652	-2.15652021489516	3.6695099745714	5.43057069780558
Bax.R.V_GBL9026183	-4.49052440901591	1.709834989201	4.60356819328713	0.503504591701028	-4.31964339196796	-2.33296095266239	1.46839650632399	-1.72129788436663	-1.41933277576921	-2.05852286266494	-1.42805157249161	4.67267037137101	-1.25966891382608	-0.115780422420224	0.354441669912159	1.23519860245809	1.5179239383521	1.26124476022524	0.708146192150977	-0.865233508762081	1.91060025730261	1.57746678641257	-4.32784784576505	-2.95563334362548	3.16706583123784	-0.0561504961686282	-4.52583086068917	-0.251030159242123	-3.18436853049363	-4.82580480811049
Bcl.2.M.V_GBL9026303	-4.53275708447897	1.37671844141064	-0.555079569267333	-2.09913957717729	-2.81043760465337	-2.38131805499608	5.5941199845533	4.55342040025467	2.62860450947637	-3.25305445311064	0.201508622256362	3.16073074792541	0.561337874342934	0.655658062855923	-1.22886790941382	7.33269748064044	2.99417228940197	1.48893252758076	0.0319860680821378	-0.100720428888014	-0.523898041778128	0.635504487944498	0.33601177336179	9.19618445126317	1.38955639141319	-6.83020167787438	8.19048826753274	4.87228064647807	-8.20327174112908	-2.85399927429696
Bcl.X.R.C_GBL9026338	-4.95982363153722	0.615900421049309	0.428252827737711	-1.73887803464319	1.8016580334556	2.91135006468591	-1.95901776943278	4.33814101585134	4.42631285164304	-0.924665441856921	-6.36388726053745	-5.22025346226008	2.04788870209983	5.11577127544602	-0.0468678154734084	0.372374301757437	-1.65135530119587	-0.847880029660327	-1.1289650254768	4.82976146563703	-1.34214565881804	-1.21196249027999	-1.2770843548409	1.87658371347542	3.02096809103425	6.45569906838499	-0.583323062785512	-5.84369926529679	4.12640223239938	3.45161935647013
Bcl.xL.R.V_GBL9026339	-1.14306416784636	1.43502653801398	0.143648100940692	-4.44333139120068	-2.13363867985546	-3.00998733595118	10.1377450070871	0.912447952492182	2.27675166786728	-1.40480654392343	4.09198030333946	8.70822744525951	-0.807581794082465	-3.83946715119345	3.41905482251049	4.77481662941518	-2.34849487326302	3.91479346117524	6.34972778315885	-0.069284155230894	1.26970836053526	-1.69471914192992	-1.7872535136774	2.99717634304288	-0.943040110688842	-2.48400666932123	-4.42847713110099	-5.28432094752119	3.27244048743127	-3.01287953889891
Beclin.G.V_GBL9026330	0	0	0	0	0	0	0	0	0	0	0	0	0	0	0	0	0	0	0	0	0	0	0	0	0	0	0	0	0	0
beta.Catenin.R.V_GBL9026194	1.61156224654779	-2.43585589008428	-2.7815548347851	3.72283556549857	1.52646927119788	-2.88431892103194	-3.210014945811	-1.67615488574886	2.80628897320792	-2.82060507891726	-0.452864145684594	-0.331650692706199	-3.40351436713552	-1.42116721683042	-1.62517500025037	1.46748914917916	1.27789158092173	1.88888542362483	6.64788899683257	3.10286084178278	7.04923056983274	2.12870745868711	-0.500555182760993	-3.615962435161	-6.57112372173323	0.476397597574304	6.58029372673693	0.237949265884073	2.60343053899775	-0.292867279290844
Bid.R.C_GBL9026340	-4.15717531427549	3.2494332153116	3.68969804296464	-4.86019778316727	2.71466444243481	-4.95157453801583	-1.15296429713003	-4.30535536254584	3.69231091517135	-0.712528823680348	-2.0246227795815	-2.0216029522742	3.95300834994701	1.4144533050348	0.113387160889673	4.74831034803131	-3.51376896981471	4.35923070174161	-1.21045157658948	2.10187596635712	1.67489842112499	2.86733828848819	-4.13080001519092	-0.675317814111936	3.33623295665493	-1.94890430550409	2.45030776493698	-2.01453541893507	-4.4986795702308	3.621846035916
Bim.R.V_GBL9026351	-3.53324688753893	-4.10864102406866	3.97417071310086	-0.944004297544211	3.09263360704381	-4.65769896356545	3.50278119379517	2.16242369726888	0.0283893427149624	0.767224522114412	0.108936608624774	5.65865413721543	1.83476550613245	-3.07928141256075	-2.8667644635249	-1.81431060755262	-1.08417307395787	-1.69296959904601	-2.04575214202523	-4.69010557587534	0.263921104569172	-3.15688276530529	0.576656220840308	-3.30166318348263	-3.52983848676272	-2.05959005622115	5.8900189523159	1.52120595764561	-4.1005970746915	3.49017784276467
c.Jun_pS73.R.C_GBL9026231	0.936176463820837	-6.0573098036748	3.46907847834276	-3.08909317638199	4.6878763717799	2.39555481652937	-2.29057586359284	4.17336295036332	0.864463726944668	-3.49159462020575	0.023857972747112	-4.48041066806622	-1.57418618007866	-4.42761661276462	-4.07469151562363	0.932659710184461	4.64084403806174	1.22318849214441	-2.70543149390767	0.488583703415297	1.12266548786025	6.82473399757978	3.10740444775384	-2.03609037204463	5.32915247934552	3.83051846183613	-3.80122592784269	-2.53201851103916	2.16682566881154	0.13846326366945
c.Kit.R.V_GBL9026344	-1.34759926624538	-1.78453098285184	-1.19764679460993	-2.96220699076204	-0.00767035301498492	-6.07526046456116	-1.01845923647171	-0.163998207480647	1.10556918955973	-3.2838134594996	-4.93152301826055	4.68165794159626	2.75835158290224	-5.74637976570424	-2.73299282385055	0.943467635841423	5.36722074482833	3.05745992579791	-0.922827919286664	6.65413928125723	4.50575697862649	-0.162045713979821	-4.0257770968738	-0.340214564753686	3.15843641456911	-6.45995739839331	2.81293506290311	8.05949106654112	2.4427324667132	1.72766864266283
c.Met.M.C_GBL9026314	0.723425522854019	5.2971124320401	-1.40765348188926	-0.835171283777431	2.05982253613249	2.24544763503848	3.02651443627911	-5.00449993841053	-1.67170764100385	-1.87629764692745	-1.63207760669436	1.38846724325732	-1.54656525947392	-2.05090317768652	3.33724929752683	-0.0177459602534178	1.77602027950553	-2.00787003758954	-1.43651190152699	1.45641249797684	-8.64911914304295	-0.858435751045416	0.344872195072882	2.92874193627025	-1.24061919104376	-3.55067336132828	-0.596972591758932	1.0668841177008	2.6274749682219	-6.15636330996878
c.Met_pY1235.R.C_GBL9026236	3.79321409346803	-0.357985546438298	2.08617443470193	-2.32621865412305	-1.29147581920735	2.11608020816846	1.26540852054195	0.797695477397215	1.91152787583539	1.47988554078282	3.32378823434438	6.11210989688171	2.5299895556967	3.24083116779669	-5.93862490132478	0.498338862400989	-6.62120362347371	1.1258451975084	-1.63717990034037	-1.08751756117244	-2.37004680424007	-1.20096145086427	-0.475608281054953	0.562567733760523	-0.220416214636384	4.09131654095071	3.11567421401694	0.0117755553003705	2.70540634629451	0.666613519563923
c.Myc.R.C_GBL9026241	-3.63431794496268	-1.50412434600911	-0.800001666156313	-3.72776678465413	-8.955828432144	-0.844476254664621	1.89336079968389	2.09700858121052	-1.93902052743712	0.622989626995212	2.27575441757979	-0.585978006502924	-4.9612126092411	4.11505767583325	2.26877541955819	1.42625312139375	-4.57762221789395	1.73339583270027	0.511413799567516	-4.52795522355717	-1.71194197821339	3.0507510554763	3.42362816307107	-0.0106633374685492	0.956250603062442	2.04307478853943	4.58033320485223	-2.23835472502845	-5.67783975943022	-1.12491306631999
C.Raf.R.V_GBL9026278	2.55598255803616	-1.58657815922892	-2.68884814671212	3.97354354586614	8.18392004800709	4.27827506640748	-0.202738134973573	0.516522006145133	0.924452963089475	-3.24500954933575	-0.949089673726257	-0.201478569703724	0.0330069436337084	3.18923052045815	1.20970140836696	1.04059117263839	-1.76589422811884	1.89338408615353	-3.77039025553893	2.08214686744659	3.50110178549231	5.36088695935847	-5.26740726974987	1.50639129686738	1.30447848811742	2.64485747474808	-3.86690045216264	1.46069505873728	0.803539522788336	-1.51743341578103
C.Raf_pS338.R.C_GBL9026279	1.67250000700145	4.70334281187297	1.40139878464581	-6.09617258677236	-3.61280273058813	3.70691793428924	-9.28323907699249	-5.96521444573329	-2.1163779939703	-3.29727529237541	1.01287976188783	0.796213774251361	0.627378206329514	1.12606336040192	-0.553590514176566	-0.836604732362784	1.65143862156461	-2.95721913464048	4.73283831250159	0.390011431375054	1.4199668602448	1.00533012100591	4.36342732376481	-8.80801029731512	-2.58605068691517	-1.53309952176785	-0.757069986629522	-2.12440342415149	2.38033836472615	-1.5912633864396
Caspase.3_active.R.C_GBL9026352	-0.329493288160122	-2.30264294989951	4.74597598158499	6.22853084587724	1.10764151481084	-0.873442773210556	0.639644538987577	4.89848983297068	3.04883126909029	-2.59485373947549	-5.9286182817471	2.07083040890496	-0.365725278744609	5.97668282085232	-1.59494321609763	-0.67138022458581	-3.23002224644408	2.00360816670706	-3.56225783313146	-3.27616778060353	1.47549474014566	1.257857108961	3.49024505950596	8.78196460479837	-3.91280064816107	2.67244607806598	1.69489033852476	-3.86193418253843	-0.964039928000208	0.0046193070111929
Caspase.7_cleavedD198.R.C_GBL9026353	-1.31727715627762	0.818318726319924	-4.91681558615047	0.170087210559296	4.14356187323479	-1.85197782862934	-0.4250248174612	-1.73066967024326	-1.58941912759278	-5.93360169754123	2.04905625923971	1.25669474418447	1.778932582481	-3.68598518406907	-4.17264103067888	1.49568294807266	-3.07152512554658	1.87544507343124	-2.08230627180722	6.57479771403522	1.50386965054016	-0.874663071695913	3.33614495411086	-1.70452623545744	3.16607557957607	0.249228619111004	-4.28198668538814	-4.06999823892411	3.8700162304182	2.10299389798383
Caspase.9_cleavedD330.R.C_GBL9026193	-3.43170812694041	1.90716772796795	-2.84724838457772	-0.486328526360913	-7.19916037724005	0.503048439670034	3.76487390338344	-1.16642737004387	7.8753741902169	0.618893864606624	2.02653700283203	-3.63322403643665	1.56255610653068	-2.67945189740013	3.44767293538888	0.340415271350762	0.382445709830698	-1.02542240284768	1.1272809919147	-1.92728249020617	3.31858560493371	-7.3444453522979	-1.44620733912313	-0.426376586863727	-1.82560638111202	-1.48200013295438	-3.32878472791333	-0.598233265302406	-2.03066038077546	2.87560934388048
Caveolin.1.R.V_GBL9026195	-3.0335985559068	7.63587346783862	2.33088627578773	7.35005660478458	0.426311432646344	-2.09325684518126	0.437324140073227	4.0410890196776	-0.834622690621054	-3.82485534952765	0.78473488615301	2.46177673561302	-3.53913814833143	0.364113738339457	-4.48471310814447	2.17421331005745	6.58142903915405	-0.4742290501327	-1.21302137151852	-1.55799631323774	1.02093689686882	0.463016363086519	-1.0330267772364	-0.870655419560804	2.36413708220134	5.08360609582606	5.04533651193364	2.67931489591513	-0.153665139038271	-8.11718648938014
CD31.M.V_GBL9026349	2.36810694015625	0.967595030547097	-4.98068274493779	2.99557340524221	-2.43093966845062	5.09872990422298	1.99571603211345	-6.57455027502025	3.56024491377317	4.83329666186754	-2.11886761789963	-2.20768146160331	3.36674835710828	-2.41748300962262	-2.78227860889198	1.58467566828896	3.00460821742693	-0.0920223793768614	-6.03603094355034	-1.02320067982199	2.40888020869309	1.14294373733629	-4.83965867554185	-0.16633528671142	-1.57062728446045	-3.62925540023096	-3.56108729719116	-2.9825499029169	9.40192819133039	1.44174584307694
CDK1.R.V_GBL9026196	3.27779593764926	-5.59585530821503	-0.644395706323369	-1.25883585355279	2.77191253591677	-2.86075001739557	-3.00732458640927	2.45295166156874	-3.45154384262644	-5.26666360703211	-3.68127416377402	0.845451822856733	-0.0693616436723122	0.565825310725128	-3.19732179814666	-3.54343129532286	-6.72970810837583	3.39491115558221	3.67299015278132	-2.24580376373001	-4.57602326630136	0.595543380485963	4.14008441536366	2.33237143356904	2.67785157759219	-2.69644645334694	-0.356721711717709	2.17924009329787	2.50536496322267	-0.23600434321621
Chk1.R.C_GBL9026197	0	0	0	0	0	0	0	0	0	0	0	0	0	0	0	0	0	0	0	0	0	0	0	0	0	0	0	0	0	0
Chk1_pS345.R.C_GBL9026198	0	0	0	0	0	0	0	0	0	0	0	0	0	0	0	0	0	0	0	0	0	0	0	0	0	0	0	0	0	0
Chk2.M.C_GBL9026306	0	0	0	0	0	0	0	0	0	0	0	0	0	0	0	0	0	0	0	0	0	0	0	0	0	0	0	0	0	0
Chk2_pT68.R.C_GBL9026199	0	0	0	0	0	0	0	0	0	0	0	0	0	0	0	0	0	0	0	0	0	0	0	0	0	0	0	0	0	0
cIAP.R.V_GBL9026200	-3.83605660977364	0.895743234799052	-3.84988820703021	-0.524329402097796	-0.954866674870369	-0.424337699373029	0.142955507712058	4.91093701652076	2.31712660482463	-0.775035414857286	0.481176343196912	-2.97240940825653	1.786735400987	4.25468574011652	-0.785826934891164	1.06371146562518	4.07901784167422	1.56432485095441	-0.844306646423754	-2.05004340322783	2.99549246823632	-0.962493095739917	-0.401827418086481	0.589115755800102	-0.704887232633287	-3.95617090321278	1.1561432016659	-2.78614172304522	-1.42003376865362	-3.93702051924399
Claudin.7.R.V_GBL9026201	0.22777740364811	-0.341366413567269	-0.688885954802647	1.98424662149082	4.76779568141832	3.05208889627823	-0.887869665615085	-0.8734802665745	-0.694378053958051	-3.3571747058483	-2.3304043665189	0.711520417015397	3.87724552073464	-2.06300460841408	1.08321003537198	1.20125146312452	3.41006588958656	5.08608674933921	1.70127107843772	-0.395045047908775	-7.55447688148712	-1.39033585104002	3.56886734594779	1.71614656422327	-2.42619440155582	5.00608505604457	-1.26970961784663	3.99300339758568	-1.82602089834739	-3.94137533021553
Collagen_VI.R.V_GBL9026202	0.198410491195732	2.75904511755905	2.48882811611377	4.60530127095341	0.115001950962904	3.11797525846255	3.16494364406859	-1.79655711461055	-1.4759738784086	-1.70676000037767	-6.40885925757357	-9.30574152676711	2.39447655895984	-2.04880575682841	-13.2332975119819	0.63660409158017	-0.974130051467716	5.64806623243962	-3.06768399469259	-2.46895211989482	7.30228036069394	-4.40651256556574	0.948931481590797	3.61210105353323	-1.66305859232394	-2.17288138561366	6.89610693200567	-0.512343449363936	1.41732860635292	-3.26121643700907
COX.2.R.C_GBL9026203	6.65305402573316	2.22424593853178	1.56405848597373	1.41973802062633	4.81161458753451	-2.02932568554629	0.39843952203766	-2.63006044245139	6.86605371832359	4.87659855044903	7.91080598894142	0.65022199260549	1.35538642403994	0.194954732316185	3.94915044938549	-0.229528516805018	5.03118304761444	10.2507046272236	2.21399805468371	-1.4627528178751	-5.31224449041649	-4.34072907826338	2.38521295842223	-0.334874333617992	1.2325320858322	-0.473867789233318	-0.157970239960731	1.20024172599779	2.29435139811206	-0.950224929459835
Cyclin_B1.R.V_GBL9026204	5.51617721594432	-5.46066322246924	1.71858225733742	-3.17706481664914	2.2727540084064	-2.94881615845807	-0.434679055250508	0.0449648596649932	-2.593483387839	-2.27444936175722	-7.71377521046608	1.93631418868532	3.96992465503546	3.71078891090346	-2.50268551765396	-0.428240855845695	-0.871569946911273	1.6487846886488	0.848720009672973	-3.30777228081552	-4.28026320569572	2.05756269236894	-0.199158203378271	2.73874274727691	1.69842632050737	1.95208527170049	-1.60876754142184	0.556630639846823	-3.31056050241833	-0.678167293816245
Cyclin_D1.R.V_GBL9026205	2.63430032320637	5.10355962761918	4.23192681276052	4.39255199636567	0.846739979632138	-1.58073506438064	-1.55695466737254	-0.735985702223399	0.135784049305765	-3.94404774938318	-1.64465192095998	1.13117496778675	6.43083702416548	-6.11475890483831	3.62213234480122	0.53170448379188	-5.26649925761583	7.54232902627331	-5.01393176449347	-5.33916051525711	2.53914132598681	2.92679779756634	4.74853225674038	-4.41021818688331	-1.1523705860629	4.58898888838677	1.89044271131483	1.15160123448371	-5.23549384010769	3.05609699404854
Cyclin_E1.M.V_GBL9026308	-4.75425835325295	-0.585557685484844	1.52359020516604	0.59227421202795	-1.52680500443945	6.03572921058013	-1.67106326370263	0.458996670848674	5.73895467847329	1.33258562380051	-0.61919241332127	4.12623624486069	-0.433712226552111	5.226509371142	-0.411869158333671	-1.77301247008705	0.977448823315247	7.04617888076064	-4.32505479690759	0.0767908460252332	4.13333307167156	-1.20412096918913	2.29161057021634	2.39693789485149	-3.76564682352812	-2.66392676798214	2.74014551605789	-0.342788543595577	0.85653544355717	3.41818160495443
DJ.1.R.C_GBL9026206	0.673110438029036	1.70091688375836	6.09523418254161	1.08716084174169	6.51160081158679	-4.66936850435086	1.66439884457333	3.68058536129538	-0.988550232315935	-0.370858209338125	2.21952415121009	4.54254316812579	-0.0404899317538057	1.88256740558105	-1.79764333204159	-0.58117020144129	6.04158338017979	-2.06613834033938	2.25820558686689	0.790944289262708	0.462104655298399	-2.6230872186571	3.36769845737414	4.12572249020028	-7.17970679752892	3.43713097616533	-1.77823440439286	7.1275210182838	2.3194088097618	-2.71024448296134
Dvl3.R.V_GBL9026207	-0.660608757949362	0.0577284050380588	2.56784503085922	-1.20239879571389	8.20996520072623	-0.206404050158517	-0.772907257351801	1.69080914903065	-2.13819391003968	3.90297128059105	-4.4812611640289	1.71568999247186	1.39818292372597	1.94187559461743	-2.25935467314499	-1.42330749268266	0.925345086419305	3.44687647169904	-2.88831517715952	-0.0492172773736018	2.01936177065156	-2.08516662807588	2.09236122524998	-1.9798530159475	3.97491093626046	-0.987947683822836	4.61846184527494	-8.07033586511052	1.35675076536616	-2.98627024717459
E.Cadherin.R.V_GBL9026188	-2.07551263703977	3.30643879631942	-4.98520664709704	0.367476383521048	0.974409741403807	-2.04403313569133	3.86124799667026	-1.92450782691203	-2.98377455591773	-2.9584465424355	-3.40055916584361	-0.058997145958659	2.38883912943235	-2.25403836640905	3.24667863599329	1.70367020264764	-0.515190083909601	-4.6186564341974	2.09048929707375	-3.82833292822919	-2.25102682715413	-2.69246823278025	1.92393862482218	-3.91163739743412	5.39628214325878	-0.522965879081671	2.45973378028306	-3.85415333361339	0.390873166087398	-3.93341941217745
eEF2.R.V_GBL9026208	-2.01584961650193	-2.17188699004514	0.944322599114323	-0.551721209352853	3.12091099736574	-6.09736732892121	2.42401405180987	0.702276142240874	1.47220631466463	0.545677269214379	-7.3168692905007	1.8196734234768	2.71105975896368	0.355409750241631	1.72953915048409	3.02006388454983	-5.44387513793558	-4.02474888203533	4.45517590595627	-2.8172284920261	-5.03260374240503	-0.385442767081196	2.30737461232024	6.12582447940866	-1.33328686033859	-3.64389388507055	-2.05134944439399	2.55023063262048	1.7405073687374	4.92239160689221
eEF2K.R.V_GBL9026209	-2.63883674161441	-0.840123954525279	-1.85412419816658	2.3172752269173	-12.0987488486238	-1.91269072919551	1.17919580396922	3.92494188664607	3.46110892112059	-6.52400399506184	-2.65478978253447	-0.636010496405226	-4.82256707506417	1.18913085777922	-0.897435990082802	-6.9323549447297	2.94601589181097	-8.10783733228983	-3.0535135243928	3.37295028136874	0.836187024885436	-6.48884345571341	2.68935676397481	0.905357853874415	5.54085955080014	2.53856864225398	-1.93891934544665	5.76159583383423	2.80055233373584	-0.784013622620117
EGFR.R.C_GBL9026210	0.31142017649771	-0.732890903825744	-2.78622099558842	0.735080694851353	-4.92789047653927	2.37060281377833	2.44903303599057	2.00029834088011	3.22026884879598	1.02514145563043	0.950080521492424	-3.78173961502682	-6.29363104930655	0.0626297503499974	0.401414871139201	-3.74054413630952	4.73981206598984	1.41680720064508	-1.88852148352077	1.09349190429089	-0.218173392043908	-2.42584076325219	2.75850831117112	-4.65754628877152	6.29364121000453	0.340103446657201	0.420552641334544	0.242065899589285	4.912577156872	-1.76599424071512
EGFR.CST2232..R.C_GBL9026334	-2.81860783680615	-0.528589260607825	0.901060276017614	2.92963192448565	-1.89254224813039	0.354219547574111	3.69968919688259	1.45564074337135	2.10287888319737	-1.73014200742389	1.95784954804271	1.60151352880499	-5.43491392581972	1.89738078389619	-2.90088336687848	-0.110292285689972	-2.51678896398969	1.70012737981798	-3.72273690643081	6.00805468574234	-0.357557981363773	2.00671286269048	1.37933777568395	5.25762456910491	-3.3636519511932	-0.680988971036461	-5.49551080563004	-0.293607517465194	-3.02239976922793	4.56011008445128
EGFR_pY1068.R.V_GBL9026211	2.66948742815298	-1.06253001800145	3.72296781442374	0.441412676621652	0.54452997362479	-1.80469389988573	-7.97625545834765	0.174646239552394	-2.205085367238	0.857942522807646	8.12320438087051	7.64147040465347	-0.860888665883233	-0.668775816066363	-2.40892951869558	1.78797150806214	0.319531714520875	3.10819939072011	4.03622429341336	2.2190591692867	3.44721973631362	0.472329118391696	-6.32213165835612	9.81925610664926	-0.605717224409771	1.89630660372448	3.28358199419718	-1.95344317651175	5.57063557129092	1.08796895820281
EGFR_pY1173.R.C_GBL9026212	-1.18850556946045	-1.31937005558771	0.0825230882942011	-0.845886088712861	1.25542171609721	1.57193290877057	6.06896575535257	0.641817850990757	1.94345575950525	-0.851387294289886	1.39713202595267	-4.95664763123976	-2.86777143657808	2.12110668484288	1.18224201312233	-2.27582855026334	-0.871847023611872	3.05048073819899	-1.52175506527748	-0.110076257295139	0.499139124609026	-0.684681885533444	-3.92983373452193	1.00349964021258	-0.684580981339602	2.65944999428664	-0.618109803979321	1.24469927386772	-4.38044192229902	4.32273556822787
EGFR_pY992.R.V_GBL9026213	-2.76509833419757	3.42200353116932	-4.05188176945028	1.4839119419923	0.860707740770241	4.88518430834156	1.26155285450037	-0.688347344957339	-9.0327156758536	-1.07382311837145	1.71470845973899	-0.980777929750403	-2.55647588502222	3.07444006941988	-1.45801753165248	-1.36090534180586	0.418158815895455	-2.93072356850065	-2.28443638653123	-1.13588840930768	-0.0553363748587741	5.34376361247017	1.15013469621625	1.48264727864626	2.14957048526606	2.05724146529955	-0.451931443539669	-1.46947762210315	-0.596603543733614	-2.15386790320055
eIF4E.R.V_GBL9026214	6.44983767071702	3.40450009453593	-6.23455970727875	-3.63148625445446	-2.18917500301926	-0.498734639794428	-1.50274912834436	4.93756508353565	-0.50122288548238	0.403733020613201	5.24822408651585	2.87928904776743	-3.32952698334579	1.97652017897335	-0.253935175634055	-1.33995067311735	-6.33841500250371	2.20523613784955	4.46024754975968	8.35069207307748	0.982925296636833	-2.9889696101531	-1.29687653437069	1.88692872923023	5.10842952243941	-5.02981789143459	-0.882848048879284	-1.15380581449121	0.197935570813932	-2.95344030532747
ER.alpha.R.V_GBL9026215	-6.14904202234117	-1.70038579819655	6.77221459281593	-2.27607873750282	-0.263252499195803	2.8306166603459	4.69624895529183	4.78439196282236	-4.44760440334271	-1.60955837666031	-2.61700895646783	2.59697722697256	-2.71911145823425	-3.30349195692091	1.25267016109012	-0.510318018631667	4.36839375346048	2.71611623754554	-4.20436795099776	1.82639546118815	5.36937911497848	2.97110909732063	-0.570378027821263	-0.254299276563505	-2.9813519655624	-0.129676793219271	-2.6445355521794	4.3468974693153	1.50776540925892	0.989596440898946
ER.alpha_pS118.R.V_GBL9026217	3.42978489226379	5.05430358874757	-4.18173475453387	0.437674522084828	-1.6774060164417	-1.94495703016234	0.0281214495593266	-1.69487452735003	-1.82382407077081	-2.319020336795	0.755665759059237	-4.22580245973278	1.03326810273123	-4.20185377654237	-7.36200828648355	0.458882976270269	-6.4658074639211	6.40053225524839	1.95383147884586	-1.56903497695674	-0.465490256393252	-0.980455133460869	1.9795541755466	1.91628153958052	1.31601254565556	-0.00498510012202431	-4.23973993935993	-0.215593834751653	2.34788877635023	3.37447466766048
ERCC1.M.C_GBL9026309	0.219606247134623	2.17998530755818	1.58046376947273	2.25281075365262	1.30331963422729	3.33052290170081	-2.17622053294437	-4.42941532818649	1.18229995537431	2.12569145948392	2.6231349467505	7.22701279713646	6.36817890429173	-0.589932486064368	1.56280829436302	-0.628292817604141	3.97778551005515	-1.32098474891128	3.41117624614036	3.85674414064501	2.60590723735732	8.43074881800855	1.60073003522711	0.148442138775808	-2.53139598412626	1.92645559949586	-6.55392060683689	2.59532238277775	2.05738163175282	-0.944829075138517
FAK.R.C_GBL9026218	3.41094396187413	4.4969155147476	7.17583262415365	-1.9086680263179	-2.32071951556147	-1.58174030090936	-1.50992109727696	-3.4023592241029	1.16501999104594	3.64123145006354	4.89914649536321	-1.86602993854244	1.72581756338836	0.737269285583089	2.94354371612192	-4.66319172389722	-3.61130008205595	-1.01096979322067	1.17923405750737	7.6988642162356	-2.87249168957684	0.600504617148011	3.80905464210493	0.600574211716281	3.96083450037469	-1.42527888619273	7.03047535975308	-0.221014809078049	2.61531788460005	-1.39890831779452
Fibronectin.R.C_GBL9026216	1.90157224029399	1.53103052019313	4.73388715243119	4.68441715641438	0.284768856095464	-0.94170347480169	-0.432717396664595	4.56385284060593	2.83433063354699	0.080335591399495	1.61130696893016	-1.4074154936403	-0.185657479414147	1.47083566186541	0.0544373924975905	-0.126075274037686	3.71960378651881	0.310449249747171	-2.31430481753568	5.33220539572422	2.84599476190134	1.94748834942888	2.40165366518318	-6.38362696312069	-2.69044855503522	3.02586418481251	1.88021869708514	-3.19501570010487	-1.8448360632082	2.03959367394554
FOXO3a.R.C_GBL9026219	-1.37329195283793	0.45185222085836	4.01691907967541	8.68684590268418	-1.26672024130885	5.4614828633285	-1.79247600282231	-6.65539075097814	4.46672540635824	0.991389432001611	-1.38977838135526	-5.5339289049029	1.65624033190012	-5.46084248056137	0.0770350170438232	-1.92070361763445	0.774857228691635	-3.99548497326993	2.74387391100744	0.688537893153686	2.27969441159978	0.259676638342917	-1.67376707613181	-7.34847466397843	-3.33146673518679	3.43762789793737	-1.90422973522694	2.51918980919102	4.79738634451273	-3.63957188325857
FOXO3a_pS318_S321.R.C_GBL9026220	-2.5935192376156	-0.614710967244528	-3.95017655564849	2.79228083859282	-2.85802062684503	-1.48835704084862	-0.851672249021313	-6.51071164397448	4.82117646052678	0.989401837311148	-2.89670915164951	-0.279816605706864	1.87163395348504	-5.5162575204894	4.08512219487568	-2.58439976318513	-6.9373622048242	-2.13086577532434	2.94911859477335	-2.21474619065796	-1.12668084422183	3.311458774311	1.64322793843374	-2.43381590449237	-1.31887808284823	-2.73119736781937	2.04252478028806	3.55209768971103	0.945994908407726	2.20812984431212
GATA3.M.V_GBL9026310	0.495530763218594	2.20856840389728	-2.6214521340485	-1.13031090645049	-2.04167466389288	0.206927505941306	-4.0800183702144	-2.67914260186343	-3.7787486861372	-0.980763454252569	6.09665070596446	0.335804487680817	0.0439075433646994	-3.20075177162946	-2.12088370475225	-2.11011594563541	4.07284949644357	-4.14196764788156	-0.235432051819479	-2.25711916675845	0.483319979816741	-3.40417111729452	0.756569814915085	-0.240451228866277	-4.93350526018656	-0.846360045773813	-0.296745809319768	3.51524533105665	0.295171280797098	2.84845890130151
GSK3.alpha.beta.M.V_GBL9026312	-0.642038392789506	-1.74386939601957	1.91331710591548	-8.02555613248665	-2.47882813599465	-3.06282811264789	-8.92304947968167	-2.96431187757075	-2.13516898245551	0.65937813871522	0.82188708534833	3.40074282483157	-1.34350682388501	0.569189176321845	-6.24538025057106	0.985906365536139	6.85571419670678	-0.337076888687757	3.19407745448568	-1.48603578567281	-3.26936051897395	-0.927644640409393	5.05397160414882	2.05876364904011	-4.329528541913	-2.57112490605001	-0.113084554000712	-4.96088934910131	2.38534199292802	-0.387612986178167
GSK3.alpha.beta_pS21_S9.R.V_GBL9026222	-5.79283868311162	-1.33566071346615	-0.389734690884244	0.0675000722529051	1.52740647663009	-0.642502525618737	-1.24469615144978	1.67207668147289	-4.26952314928181	-0.33950616638864	-2.20465866665864	-0.942992272610959	-0.122444421460271	0.224577128547526	-3.85835148128907	-0.983534725021114	0.0559376120611793	4.2132213071547	2.06574595444334	2.09181806123946	-0.0286608306290149	-1.47470524608496	3.69099550955881	-2.16004635320585	-2.96539542753974	3.71851903675777	-1.11702896849849	0.449359206473255	3.89639990692835	0.773521444382278
GSK3_pS9.R.V_GBL9026221	2.95545048918633	1.22088576372028	5.03028330148816	-0.0113517751584897	-1.9523185342926	-0.352330693858445	-3.50439456977831	-3.49535472564642	-0.178716827657586	-0.278841503741874	4.70150380524414	-3.85753872127302	1.58504635238205	-6.32750484393056	5.3202221039299	-0.661338370927216	-0.471445715480691	1.12883483137286	2.19627417298294	2.10930554555711	0.097374675252725	0.301994785169204	-0.518305604265517	2.09237330752659	-2.60439277968679	-5.65746198422992	3.61672456616409	-3.13858977253922	-2.7537728075214	3.04341157139681
HER2.M.V_GBL9026313	4.77749347991921	4.28581656024647	-0.785747263516676	-1.29895089547915	-3.15060450635714	-1.32905603799572	1.92035185834624	1.40238397474238	2.12022451527827	-1.28176044776691	4.22546542780655	-0.650135855839473	-3.36599170346311	-1.21336220320921	1.53717683395384	6.04004838404051	3.82382837207736	-1.21833953661807	-3.5663574397205	0.104903826676432	4.13745525423568	1.35605724684187	-4.86919404571374	-2.91459033383078	-3.8373035955934	-1.74382678513674	-0.54139279268223	0.0658193141653935	3.65235560009333	-4.42370000935335
HER2_pY1248.R.V_GBL9026223	-2.40507279290734	1.43960777415184	1.17600667922994	0.430324498306214	3.63775195210374	0.207433442518193	0.941558190795684	0.0680817260749542	-0.459803181488969	1.23490382221702	-1.61905346681384	0.930307392045918	2.1102654872687	-0.799249277882445	-0.59436607969185	2.72936854104214	-1.17746824600798	-2.40870249490975	3.20662114151148	-2.256127478124	-3.83701653789889	0.397735341363357	3.39108226252629	4.78206568100682	-1.59642952992676	0.53961263846367	1.82644669221398	-0.100065495700728	-1.5557911459929	1.75875938267858
HER3.R.V_GBL9026224	0.686686153832338	0.609166865418571	0.873062036393504	5.44650870120781	-1.65954956016989	-1.29035550277884	-1.10136930596317	6.46637682828646	2.48913708278592	0.241501036005259	-1.38479847757546	0.943857787185765	0.280703654059012	-3.18110376670297	-2.7550454237296	-0.638744617879444	3.5753817971004	-7.70118721551257	-2.57714291356829	3.10406466988661	2.7331813169447	-1.31943617735787	-6.33907307651233	2.20594547868431	-1.26454250064637	-1.84028069822396	-3.18398045897843	-0.45193539207762	5.16324672135418	3.30985476202621
HER3_pY1298.R.C_GBL9026225	-6.85386756571582	-3.6504244973573	-0.522457449374641	0.0263839121868791	-3.77132470682567	-0.807616892970263	-0.341244744011291	5.97897211905781	8.20457133117958	2.39112307577172	-1.85813070369446	-0.87902475533856	1.97552191090851	2.39903155612833	0.305564766019461	0.988023977843841	-3.01254244710428	1.09874178787854	-3.3646007240361	1.64216319728876	-2.09651311851108	-1.07772480427669	4.31348195775908	0.132521300927424	-1.22463174847771	3.7223531987998	-4.25235093890622	0.859966625815947	-1.28935739143617	10.7280159623919
IGF.1R.beta.R.C_GBL9026226	-3.84564563333124	1.35343429700147	6.41369683022724	2.72616138450597	-3.83881979015269	4.65683004493739	-5.61204333151239	0.0949659662591042	5.22962860887522	2.78206443883343	-0.855387869501191	5.60742558246411	2.00914208059418	0.0289922218120456	-2.78814636517757	2.96080502546084	4.33974129813496	-6.84558416240564	-2.99260035140063	4.38082292770993	0.553075712990763	-2.48266614969528	0.482025635286786	2.90636031073858	-1.61939436613273	3.03293532085897	2.88700250911168	-1.03507983290057	1.24289968760817	6.99930183184032
IGFBP2.R.V_GBL9026227	1.01643220728233	-5.90778191058343	0.324811881959681	-1.27416413806137	6.91016026041414	-3.10437318228513	2.26252654152087	-5.71673452334356	-0.0380025208683525	1.29191528443831	0.0749427228340797	-2.31659904780444	-5.11403644780812	0.225775504544308	-4.1522097529647	-4.13206755209615	-2.09851691148211	-2.38147625109052	4.65710197503054	-3.65839229017659	-2.59685458052385	0.742516110285951	1.20826933378656	-0.433443522631603	-0.919165559547466	-0.869631201652953	-1.53962131794574	-3.82956330812891	7.32042717705767	-4.76946569801026
INPP4B.G.C_GBL9026331	6.89414236699306	-0.53418157444226	5.35521033588038	4.71917567185318	-1.36379726619109	-0.273188547450436	-0.361958935919778	-3.10489445212697	3.23144455893079	1.64940349780158	2.19668245922682	-1.65954523011444	-4.14355908353286	4.59581256216667	-2.19305990604127	-3.4797944711982	5.26849252720741	-0.867264935236783	1.38046985202256	-0.427665025541214	2.4190709269037	0.691610560763956	1.52136343362168	-0.520278520520617	0.558979250111024	-3.02896085267951	-1.19258409904468	2.24619533449711	6.85195540477733	0.845763162538629
IRS1.R.V_GBL9026228	-1.90343637037229	-5.96556372241136	3.65370931127528	3.19991703683341	-1.33660056291363	5.61978614016201	6.85291809418692	1.52634427899293	2.70555757204442	-0.51386522956985	-0.557294986454198	0.417760485857674	3.14247870874569	0.963015973371178	0.965056232909652	-1.94250311920802	-3.86921242936501	-1.35785937840361	1.34592097782406	0.73682890827936	2.87539563159837	5.1327157488379	0.314664002803686	1.10168991284382	1.78571571876873	2.35683099375175	1.05814498360856	-1.09740644159701	-1.50821216146692	0.315523113814252
JNK_pT183_pT185.R.V_GBL9026343	-3.93054397656568	2.51328034987421	9.3099662823425	1.71459638957622	3.40096315642505	0.472733130234024	-2.36123241675197	-3.01259061021385	2.38378431333705	1.65314570437152	-1.01971631754709	-1.47079853358288	-4.48338648197004	-4.41865511680497	-1.62282319978027	-6.73637721686962	0.848871977086542	4.73454222637718	0.80412735967393	2.77323531561292	5.75128614159613	-1.38147089221096	2.39687469414289	-0.00161399439474597	-0.195201071933418	1.78251907342933	-3.66205392610195	-1.73528475544651	0.9144899414886	2.52952757376331
JNK2.R.C_GBL9026230	3.81442809200147	-5.1954360071872	4.561480075855	6.85687259327416	0.199161131666341	0.185394103838529	-0.794411063086656	4.54020330966156	4.55138629878887	4.64852102420351	-0.095796638392005	-1.34154306892767	1.40615771914998	-5.12374130491249	-3.07437006689051	0.0837950878701568	-1.64085143267193	5.44616683346695	-1.76771355218701	-0.041108079356785	0.837987322690139	6.68398996442529	-1.02591184308784	-3.36973315681987	-4.36299091698434	-6.03512757748932	1.3727861565484	1.66516611197668	0.970359063561557	-2.57781811357862
K.Ras.M.C_GBL9026322	-7.13678633269012	2.88394894405718	-0.888628566388217	-4.95653031480636	-1.09383888045452	-1.42917849215727	1.73111190441835	3.52756775404248	4.27419356721104	0.350810194396527	0.929283293294498	0.442849534081941	-5.35528245098694	2.79810005357765	-1.70131182504423	0.868750388137113	0.438259749910458	-0.136311754830378	0.0545652553866782	3.81513237682552	0.960137240027047	-1.00582349296215	-0.53775594652666	2.07886007607359	-2.01555697656433	-0.336994851311335	-2.45463398277369	1.09020205977925	-9.82920283408582	-2.4806800988214
MAPK_pT202_Y204.R.V_GBL9026233	-1.40820321623628	2.18435197231389	-0.694842970408341	3.12534222982579	0.487936755478653	-1.02212990855149	3.48349354859887	2.18884917095183	3.90361558737847	-1.29114996403437	-1.55394055516278	0.650606548572865	4.67192711495774	4.87919945423217	5.1071401400943	-4.86548500335134	2.74238234880185	0.282076994882046	1.36172542746261	3.38519069265371	-5.65910068083239	2.60391650506121	-2.59343400598976	-1.8603338332539	-0.0760703666677401	-1.10293506393795	3.38560486268585	5.664254944798	-2.06351224570906	5.30553968969555
MEK1.R.V_GBL9026234	-1.19417238468816	-2.03711848010663	-0.131972667654104	6.30356713097397	3.80914607855792	-1.69468256120148	-1.63161949345092	1.65374686643685	-0.9361140918948	-0.893420994378509	-1.57391663636098	2.06568531270911	2.34182032405812	1.31224976967064	0.458300121132092	2.55722526285955	1.51344558687791	3.22859272419024	-4.59539295343234	-1.07460350804356	-3.36515112128375	0.773559103704841	-0.857974544229336	6.39945223615138	-2.80360002145941	2.68850630540303	-0.840813762015505	3.6524924071999	-3.10091320623646	-2.07758913248543
MEK1_pS217_S221.R.V_GBL9026345	0.406178836556628	1.49592061054756	-1.60280993679257	-0.780591368757733	-0.17890220340427	-5.61856982042869	0.435383356854958	-3.24528302899168	-3.02236107592474	4.05811912945899	7.05312822579047	1.96850697700792	-0.0663488546204392	2.29177034725694	1.16147513856309	5.32682958022317	0.0866028734147631	0.447879573014056	1.47660002792886	0.279771126978005	-3.62092364227168	0.835247489396914	7.10455250680688	2.75370632708725	2.57726690900739	-1.10076234957037	-0.340532921184336	8.00598661195356	3.51243634158155	-7.90336274032091
MIG.6.M.V_GBL9026315	-6.80062814211665	1.42516683566837	1.22868296370787	0.378219704562352	0.308219356846695	-0.612948238479182	6.67222684467032	3.95970375050415	4.97744852186931	-2.1548681693379	-3.60230663147445	2.16012388943656	3.38411974585871	-2.78208510810029	4.24014591404957	-6.19135420264663	2.80042736109437	-2.30271755843294	-0.0303386853396339	-1.61827857128554	3.50459247862067	-5.28916198196876	4.13934827841643	0.759712940773921	2.92887361874305	0.0123644422193933	-4.60816333950016	-2.8584809156816	2.42624651367105	-2.85123395450361
Mre11.R.C_GBL9026237	-0.570159344521339	-2.78808189652529	0.557027432511398	-1.04684747378111	5.05574755758183	2.38373300496088	5.45382926404268	-1.76680969078447	-7.49157018826052	-1.44967809455865	6.43733739811105	0.552684035870528	-1.27772176270953	-2.99717135483716	3.97663947171755	-2.34768103992444	-0.100351397589256	-0.901855292665843	2.82129582940623	-0.963065904810543	-2.14225507172847	-1.68625723642047	0.582596729137875	2.97240485457923	8.54591851188971	-5.80028733761503	2.51526204490565	2.63915227240148	-0.0760501457769164	-6.5816471845939
MSH2.M.C_GBL9026316	-2.85593892483043	1.25383130854826	3.58864155290203	-1.02405959607667	0.601211510336426	0.182046224040704	0.693060009256894	-0.0893755522135516	-1.20204850391574	-4.62271379484411	-1.57628972033367	0.567064620523661	1.29611233885274	1.22650521953184	2.81037040612709	-7.65586498714697	1.4110361554809	-5.09882793116361	-5.87108152654899	-3.43905580271367	-3.3499632839943	-1.78781816129166	-4.46738579124647	-2.58865577204882	-0.634802951333179	-6.55388142207475	-0.491354330172165	-3.78743788093941	5.26962285694688	3.04989935894646
MSH6.R.C_GBL9026238	3.82191446785573	-2.52752777889334	4.49684745712376	0.573331177273771	-7.13216248562311	-0.464353536367058	-1.57320935133538	-2.18496660520532	0.617251866969988	-0.215031032787318	2.27922127771458	-3.22217285476231	3.77445715389877	-1.43038372601113	4.93803490062167	-2.72421530863267	5.74645201190714	-0.682325616640195	6.67822599093822	-1.63247925752338	0.201178247854085	0.995542650190969	-1.44938966022094	3.34474624459756	-1.2510722617754	3.34332217824259	-0.476823074969758	-4.22864126597821	0.544729817462395	-2.49651124655198
mTOR.R.V_GBL9026239	1.09346474196445	-1.26310018353241	0.630028821410451	0.38403085037748	3.562516864711	-0.0805050745643167	0.733425886517313	-2.1736191291539	2.27502823500615	-0.21572666764142	1.66976530316171	-2.43638202360695	2.8522524687801	2.19189007829296	5.71254851820005	1.12366543619191	-1.25662395824718	2.31068253721209	-6.3827275052366	-4.13209112641576	1.19256292746522	1.40850226197565	4.51663199463024	0.538300170520192	-5.52715996872856	-3.27785850565378	4.98352772279966	0.844892609107493	-0.263773322086025	5.65888320776554
mTOR_.pS2448.R.C_GBL9026240	-4.73119431969909	-3.7186885006331	-2.32711820205862	-2.46580997234962	0.513308066400567	3.41090126754498	-0.228056896492954	-3.68937722399699	0.930767461568563	-4.74067326255169	-3.98029306530257	2.30762326662931	-1.61717951961006	-4.07304892536173	5.4020750092855	1.40804843109955	-2.96636473987496	1.08288371531232	-3.97839547328398	-4.11533414459197	2.18787603626193	-1.65396172050723	-1.59359945344799	0.902943695568238	2.22051754917274	-2.94365215207164	0.543484903210369	-1.60027574476272	-2.35417106567215	-1.81720445342097
N.Cadherin.R.V_GBL9026341	2.18742584856332	-1.16383013887536	0.372783224265843	1.35395409580823	-0.141661663800952	1.5277297455436	1.20315731492155	-1.83962822797614	2.422876692397	-5.46137735427752	-1.40751160290762	-4.25131556038958	2.10541081345936	-0.657323160618899	6.59700365959711	6.33763480631851	7.31387411276561	-1.81177469355705	6.23961635602581	-3.5737069523154	3.1195876098978	-1.26401234865215	-3.51928015947685	-1.66911424622923	6.39679110797395	4.18677558796552	4.40600735622928	2.10289767102648	-0.209308065285683	1.88728331695515
NF.kB.p65_pS536.R.C_GBL9026242	-2.2764684868606	0.343876871210142	-1.07911846669319	0.210648451891797	2.58454194582964	2.04981209368481	0.853026671595203	-2.84465323874869	6.20231314312702	2.03585020219869	6.02970173468659	-2.11432546960811	6.11420464828069	2.12162335748924	0.395193739258842	-0.487832412406154	2.5348966628578	1.06924256695917	1.36307058234248	-2.68901762708818	-3.20422997364753	-3.87604480182203	-1.13064808270665	0.617859379083801	-3.03992676788437	-2.89210279227931	-3.03537435052561	-3.43518762248116	5.38665161174091	-0.379739764053865
NF2.R.C_GBL9026243	-3.59524947394584	1.01801921412659	-0.918411779561971	4.40322406322223	-3.50566266890861	4.38349384742574	-3.70924016554329	-0.012423545537142	-0.874383534378513	4.72274518715266	-0.785543551416234	-0.845785423883613	-3.14774480320196	-0.613225346239349	-1.31561709966394	-1.88555617732999	-2.10332223007954	-4.38535827335539	-0.0773574078239927	-5.77584197390796	-2.54318471862528	-1.69275845270122	-4.24003728431804	5.71170901602299	1.57535562954282	0.941082897196035	-1.344085318644	2.63536787199596	-1.43681259440216	-11.1870786454835
Notch1.R.V_GBL9026244	6.09052608565757	-3.92701489263802	-1.5336913243449	-1.3889423492482	-3.00074782780952	-6.34202177904622	-2.18482284195754	-7.32639961052197	0.840872588202048	-1.21313995292018	-2.12195985774544	1.23488485305502	2.55612722784486	-4.61414394779871	-1.04102081279694	0.989855904274213	-0.469329691788186	-2.61644079369412	-2.69647381554227	3.16364101126894	0.70686587410442	0.160028227961244	1.33368211824794	1.89050951614794	-2.03490137547945	-5.38975389801632	5.36226109293372	2.22641756945159	-0.991828253488098	-1.16597172901384
Notch3.R.C_GBL9026246	-0.00651440232121229	2.69027132190872	0.892714881463542	1.05410729538196	3.37283714663088	-2.15459550155595	-0.963436608653974	1.76665446436422	5.0154872946036	-0.481223724741364	1.26057319210222	-1.18338929262015	-2.25237933084981	2.44621555110097	-1.90543579811816	3.04137543073708	2.81536662773188	-1.99535436754677	-3.77352362868878	5.16660408739984	-2.44315636983101	0.756292923162665	-8.31836364159306	2.73396656311356	-2.21816103583455	-0.51412288749949	-0.428074116193429	4.70512334588437	2.43826703892349	5.87437055383303
P.Cadherin.R.C_GBL9026342	4.08112317535554	0.990715590770741	7.81919874086087	3.46684073987079	1.26550146231008	0.886510987662388	7.57097390546762	-3.68911794105436	0.827292758289498	-0.277137959853674	-2.47286088129122	1.74164763687161	2.54589858493185	4.15064283524759	1.05184563890701	-4.91284784345416	4.99453547526156	4.22459969946605	-2.91640594514237	1.36870070634788	-3.42914451156424	3.90573281975417	6.25041199729168	0.143504893041581	3.53603941244976	0.650080107675005	5.75490112982128	-10.0447267486307	0.400241179349792	-2.47256516041893
p21.R.C_GBL9026247	1.02161803560514	1.28068810031721	-0.97658269938355	-1.51490286714083	-2.31408481050806	0.307600272301234	-3.69853926691223	1.70789481723534	5.15283974016014	3.09798918786421	3.50991435086035	-2.50247616185197	3.30127412378412	2.88256700294181	3.20992360688297	-4.17987251176624	-1.11663929581745	-5.25326990721413	0.425456907063805	4.44043051191992	-2.7577551050569	1.6397620401207	-0.868741656450924	-0.798715145019803	-2.33812513345853	5.58223112625043	-0.145932416007081	-4.52148940049749	5.99786126700893	3.24550961446877
p27.R.V_GBL9026248	3.38597493704289	0.595078496456477	-2.57515649295316	-3.32911930185687	0.610533319836407	-2.34635095796184	0.138553342307145	-0.611680321310276	-0.624951165754353	-2.0793853651228	2.37223509095237	-2.59397601107793	2.15312320750939	-4.25229495449781	-2.17550940480402	-2.63942609395049	-4.05917362322781	-3.39699697500183	-5.80754812806744	1.74365557697226	0.0857218390666393	-5.02140799985731	1.12556587388856	3.92235878537843	-0.319863405572495	-0.178863810977469	-4.02658721701395	-1.12500713306943	-0.788104793425612	0.3208272703362
p27_pT157.R.C_GBL9026249	-2.19766368804743	-5.22962714682639	1.41296873529708	-5.34093171231261	4.93093145188723	1.32389313521517	-4.68516668249514	-3.39953566520798	-1.57469267675425	3.40989198179202	-7.95151172612492	-1.05634019292068	-0.155217696657324	-6.51841653776764	-6.17257953040255	-2.69907627019107	1.59182072562853	-0.984849318584345	-7.83776654653894	-5.32343846108014	-0.143557274711312	0.400584885243989	0.830561977027237	-1.10752813292391	-1.64881285577833	2.84186100199522	0.631969396838994	-3.15708334909556	-3.99477949694267	-1.90860601065587
p27_pT198.R.V_GBL9026250	-0.422309951258837	-0.376230297980658	2.17696704199231	6.82847503712593	2.37984005925551	2.50999110613025	6.85964400326675	3.4265188530987	-4.39037022778497	-2.52477116175707	-2.71867996908313	3.65847695227426	-2.16472950861315	-0.287580678793146	-2.83664928794296	-3.23664027357583	-1.32404667906583	-3.6681694790579	0.8244691196541	0.960503380487341	-1.85817917733812	1.36208909605903	0.472301231755004	-1.53829083730803	-7.2526063656851	-2.14763869181175	-0.0301741972463537	7.53605315364024	0.395636340656364	3.45014912506855
p38_MAPK.R.C_GBL9026251	0.778292902911472	2.62248168505565	2.11064252486928	4.4235133661727	-1.03743205419603	2.53700596153385	-7.24943929289502	-4.00538563128857	1.90250368237486	1.05007574231218	1.60848901203551	-5.83226357486868	-1.6741102561365	1.68158244806633	-5.78692335121779	0.238344442500027	-1.31490155274151	1.00525055891146	1.82520560356426	2.13485263764074	-3.47263662084913	-1.41781607272422	2.45889065772567	-5.77291012748736	3.02571598670034	1.4517721656775	2.48657027055766	0.620510352755717	1.56441096069478	-3.57683046691921
p38_pT180_Y182.R.V_GBL9026252	-5.2403664853997	-5.30147454004968	4.14526700798262	0.563533093552686	-0.49449177440277	-5.11617686140695	-2.95006502822818	0.611544793521881	-1.58087545883423	6.19138264693196	0.86087762811624	-2.19060367845278	4.85259017643503	-1.18519682567811	12.3694097677237	-1.6830697614753	-0.132282272882076	0.0164047659545558	0.613861256249573	0.53181681030416	1.68433278056891	0.582774248622638	1.1279048216602	1.48602354901863	4.37419896564994	-4.88353450759757	3.5266886458228	-1.7706581264037	-1.72714182105413	1.54194917298189
p53.R.V_GBL9026346	1.2643910396855	-1.0771450785259	-2.00400949937642	3.28121907251283	-0.218330275425064	0.262735441106416	-5.88089965000335	-6.16103390085146	3.48947282001441	-5.24914291369022	-2.06750136520701	-0.381637885208165	3.42526325967163	1.88694867854859	0.288999339128341	1.77280849130118	0.614974964521226	0.67343238463604	1.77087095085158	1.50248468322254	0.320043714476857	4.08229295974829	-4.26295859043668	3.34177504292395	-1.56186900495037	2.63691644055419	4.59729777221299	-2.82729084093891	-3.02075864422889	-3.6811717565191
p70S6K.R.V_GBL9026254	0.562219032067525	1.88941983946931	2.29834368146063	-4.58633674929109	0.712289993485321	-4.84610260521106	-0.514913125059432	-1.814765564904	0.479531255030462	-1.12168626880081	2.05437198213934	2.58277937006701	-0.896632524628123	2.17505390327744	9.5688414046624	1.57783715471499	-3.37990089980248	1.07290614686058	-5.2397140964707	-3.6095854982161	1.82906989242371	-5.32114457415329	-5.70549472645111	-2.69765217018599	-0.442449750370841	-0.729670580971353	-3.36774690586163	5.98189495894778	-6.26156402967978	-2.47256728412173
p70S6K_pT389.R.V_GBL9026255	6.36477532540333	0.672720924924811	2.89780932111067	-0.899969546811581	-3.02705050525914	-4.27249844967773	5.20301052933521	-1.8370759135454	3.14426679462371	3.40620588688154	-2.94532881850775	-2.74309804412015	-0.271566561790137	3.9726864915048	4.59014403668036	3.45957700552675	-3.04662600844457	10.2145393690311	-0.400758260039076	-4.85895892264251	4.11967761770726	0.57075536082566	4.11380646196756	-5.78103155998642	-3.16288869103892	-3.90356135415554	-3.84420935759153	-2.62839806610642	4.2811803442716	-1.95780347054747
p90RSK_pT359_S363.R.C_GBL9026256	-4.37325638530045	-5.08971773680076	-4.13503579930567	2.25454251568044	4.34507765149792	-1.38658539598204	-1.89669853217391	-0.0022812224710989	2.34642857499278	4.91384025303096	0.469972760670395	1.23681107039994	2.193022263117	-3.46050421090345	-1.27624446371137	0.583006921072774	-5.1759941676173	-3.01965346861323	2.02488926382126	1.83761274768762	-1.35449205688748	-0.856202524643412	-2.17118946450172	0.0885746188830958	-2.23935235431565	1.41758371944369	-2.49732744152022	-2.98975414655002	7.67066862322275	2.20972048043412
PARP_cleaved.M.C_GBL9026317	0	0	0	0	0	0	0	0	0	0	0	0	0	0	0	0	0	0	0	0	0	0	0	0	0	0	0	0	0	0
Paxillin.R.V_GBL9026257	1.05124795845007	5.06865046686156	2.93752752722321	8.66009704269202	-0.247755785433389	-1.58246906239152	-2.37705121161309	-4.42280393545756	-3.04797713853372	2.42072074028553	-3.61716146733037	2.37407769095535	-7.21829626581092	-1.05047823390741	-3.00029708866525	0.165679397476071	7.36878065184197	-2.71125472198051	-2.6999143866701	-0.400179216787	-2.13067108964586	1.0696998915178	4.77885844569381	3.39325928218161	-1.61675432581438	-4.46836022198196	-2.28522111556734	-4.44094286210503	0.0186384138349096	3.83787970945732
PCNA.M.V_GBL9026318	0	0	0	0	0	0	0	0	0	0	0	0	0	0	0	0	0	0	0	0	0	0	0	0	0	0	0	0	0	0
PDK1_pS241.R.V_GBL9026258	1.01235187878545	4.0289502025391	1.04429077399919	-1.86031881441198	2.33361950608151	0.749419105852805	-1.52355457124062	1.97046850441291	-2.26359931351706	4.49923758041328	-1.92582149534748	-0.179527079384496	6.01125172725442	-1.54106361868036	-2.70680338399051	-0.600302743570929	4.47469585990218	-0.00656008543971381	1.72483651702666	-4.0201425222708	4.17567002234233	-0.478333469737264	-2.9586065570578	1.67506279566928	-4.53550083833968	0.527929971976601	-0.0880135497369975	2.82784780880497	-1.79110414936726	2.37876871070074
PI3K.p110.alpha.R.C_GBL9026269	3.67034443663828	6.37128521294383	2.27787304516067	1.21272162948803	-1.27512771764553	2.87680842779635	-0.300748319038572	-3.88421564152013	0.897091549174367	-0.964252240167036	-0.10193725182362	5.18142436914981	2.5060309526354	6.61107454091486	-1.36796854367327	-4.12553969627544	-0.0183160786873438	-2.67167710457066	-1.90598287065178	-5.42530283520402	0.154391428447479	-0.390849857306503	-3.20576094760939	0.259848576519819	1.27390121372747	-1.12543836919478	-2.21410263067509	0.172905552764349	-0.845291829674896	-4.33497062120096
PI3K.p85.R.V_GBL9026270	-3.62027114302094	-1.99025501621251	-6.07419312595403	-7.01331844537765	4.71877070833992	6.15682645727039	3.49826445056002	-2.27527467064286	4.50347076577892	0.318125446463399	0.371125415218492	1.06596068969504	4.15013707427165	1.21710847735781	3.93240043459247	-0.846222069249549	-1.40173023487285	5.99443202027802	5.54578078999768	0.322999252647575	-6.12921740755818	-0.572886451569344	0.0735619441991582	1.28437088626306	3.65391058078921	1.29647524322377	2.32293523432616	3.15349453124315	-1.41502787698117	-0.627086796073431
PKC.alpha.M.V_GBL9026319	-2.61749054943818	0.633452781259446	-3.15175417569592	-1.27199248507672	7.56305806769222	0.764951711390131	-0.0451952292499568	7.40702715473812	0.108781410364863	4.85613968159902	0.706528151357698	-1.90981571670746	-1.39759522294928	6.07534997679456	-0.794594122211236	-7.51799071965587	5.91889581852702	-1.85096623236897	3.01595301834322	5.97468815912553	0.335988588138207	-0.325455892379346	3.51020032662549	0.843869110368732	1.5876011877709	3.37745314910206	2.80643072039364	-0.604074532339467	0.250418879159612	-0.238774278279398
PKC.alpha_pS657.R.V_GBL9026271	2.44822373714783	3.73930642849515	-3.08990368368365	-1.16756529364692	-3.78356636632536	4.75414880670773	0.720074973195216	7.18506488730171	4.23201440307858	7.14214150687307	-0.22378413396755	-4.5949021113812	-4.86071674831359	-1.68269085887213	0.805264530371442	-0.768016553820013	-4.92164559016884	0.24006949596139	0.938005523388375	3.77095046987768	-9.18796393657891	-0.531487367145062	0.330221656780992	4.56855913756817	-2.94720394080594	3.33248804928488	-3.13314435131523	-3.33695434623828	2.81807611418591	-1.95924846184564
PR.R.V_GBL9026272	1.08945050000538	0.387680452653833	1.44889476106792	-3.7034453629663	-1.93600785311352	-0.347648574353224	4.33573729773171	1.71925792090273	1.75626292407087	-1.03818655993909	0.173713050812098	-1.76521715251607	0.300891179936802	-2.460184703487	-0.921081279459947	-7.10243332664949	6.05960173332991	-4.08473528148007	0.735323229868663	5.51550780475289	-0.945619029916256	0.830764558841297	1.06506161148912	-3.47447486390615	-0.566518501149019	0.753199379014461	-0.909634688541328	1.85014449451465	3.23197429671569	0.131982669793184
PRAS40_pT246.R.V_GBL9026273	2.02324305156023	-2.20383832756518	-1.3932082151204	1.01113275320613	-0.663600895424893	3.14940175490636	-0.908187164175196	0.983351460954165	1.37365354869523	-5.1910628440853	1.04642895616343	2.40769088495022	1.1365609266836	-2.11502625767995	-1.43134026694522	0.538939695010794	-0.246820265859096	4.52527598196994	-0.193698980624673	-4.35889708557231	-0.880165338610812	0.695261117134917	-1.80367412359993	5.4343173649735	-3.24500907266852	4.73077654604109	-6.20545055174142	1.98273347891825	3.51864449349085	4.56834867121472
PTCH.R.C_GBL9026274	-1.21859429557564	-0.238976341789658	3.00469826291162	-1.65463527210701	2.90955319798882	-4.15561377188687	-3.45504067228355	-1.1968739028026	2.12793655325175	-7.42542020146132	-2.61659817277506	2.04614791615817	-1.90046981485816	0.116490662259526	-0.0774903788174173	-1.26720389978865	0.587912009276842	4.00094680896906	0.307154396779589	3.22152305288437	0.952398746220738	-3.44929734001053	-0.533391864154475	0.414749301410665	6.99600820156304	-4.22455496800594	-4.17424703056239	1.63694096345011	-3.57081703157101	-3.02699616125287
PTEN.R.V_GBL9026275	-0.128499876560035	-2.21339543132296	1.18181462453117	5.1970909695288	-0.283602403694485	-4.61213388772091	1.39982324574658	-4.97410893156748	0.728663786458569	-2.2434323535434	1.09762509804065	-0.785704111248326	-1.32094340747273	0.0325842552578207	2.45321610894551	-5.72433512296642	2.77631705996946	0.414955102261789	2.19293662032219	-2.54657076215604	-4.93635959185841	1.40766159946062	-7.75267429842701	4.12991383937391	-6.57428175269099	0.575020188473696	0.416272314844542	-0.81385388307423	-1.1052040358445	-3.50448784757428
Rab11.R.V_GBL9026276	-1.94362929280289	2.31774695468684	2.33003488262292	1.40708269200438	-3.23791851561416	0.545876977743663	-1.04482450207146	0.903807404940253	-0.201306874744655	-5.07519411440888	0.357222637123439	2.57365592612482	0.178444807021981	4.08081725333172	-2.16382617086265	-2.03895518291702	2.27424828633878	-4.97279468889229	-3.79830625303731	3.52717690628498	-0.371076263018888	3.31935276726029	-1.91650833674724	-1.89352766787297	-2.70187791371221	6.97305917066778	-0.988266270959328	-5.55976039171677	3.35381691061945	-2.0575208875105
Rab25.R.C_GBL9026277	-1.41898711739444	0.494558014366336	0.56149869049185	4.19675690330126	-2.59458461229248	-3.94746437689554	-0.0920597332259008	-2.60836501630369	5.34244956571369	6.44072946569623	2.95542560459277	-3.67884137113703	6.40919241550056	5.54270169113462	-5.03301212952467	4.17492695040233	-2.22238389394559	-1.48593150283309	-0.404394149692861	-0.924777786637324	-4.02747591771591	0.320053907010956	-1.69548138275368	-1.41860853440332	-1.67127149345009	-5.21035013760287	1.19557512886502	-3.92979941570245	3.16447069577556	2.74254638296234
Rad50.M.C_GBL9026320	-1.3162494438191	-3.54445921737045	-3.66724403001144	-0.754754819425848	-0.26314517544423	-5.56485901105404	3.049733815669	2.46378342073217	2.22974482782774	5.03057498715488	-2.61551645352488	2.49474872121105	-5.34064413083187	2.95949738354997	-2.25721024440664	4.33470022597444	-1.35994555281384	0.520902496040079	4.00718823840555	1.54893248175773	-0.678946597740555	-0.774728312341161	-1.03352228734455	-1.29760149528195	-3.43711100346999	-1.85907905913853	-5.22782403549756	7.36417161752414	4.60790710309557	-4.33371575771091
Rad51.M.C_GBL9026321	-0.113316882500466	2.60448808563425	-4.65902267624541	-2.03943746889115	-3.3850397091934	0.461216796144016	-0.585382495283891	3.25275771426816	-5.94638666965229	0.715370659929662	1.39461966242176	2.18539434098565	0.487814146930501	-0.159736234398886	-7.44100318067364	-1.92892572087615	-1.75297315425649	-1.89998799179071	-2.50024886285655	-1.96239332502651	-3.13625899309653	-3.28896825315727	-2.08834026635118	-1.04504990162279	1.31216942188665	-0.342620989093876	1.28845704958561	2.42552966108096	-1.04988190311194	-0.66852115285174
Rb.M.V_GBL9026323	-2.41080349333209	-0.564192107164085	1.953975408346	-1.35915120984868	2.61504253801379	1.05945740069091	-8.8521873426082	-3.74132235215995	-0.0606444877517539	-0.109784834755955	-5.62292425557183	2.67369209976402	-1.0509355706836	0.307403520108797	1.68133041927297	0.649044697623064	-2.97261379655618	3.11947523142091	4.11528407791607	4.04585501396763	-6.87862964839429	0.0643522085188913	4.02468144922221	-0.833444900340656	-0.234371570482915	4.41810908222158	1.89937284263803	-1.10870410516414	3.89504366423091	-3.68407305723315
Rb_pS807_S811.R.V_GBL9026280	-8.23160125118739	2.52434346874035	0.917519264195697	7.11198296855351	1.88174834886046	-0.391395000850952	-3.39574212986471	-1.50140175650868	-2.04746493396099	-2.50883039616175	-5.89620914342867	-2.2125235511036	2.40839207861193	0.589995904551331	1.01070636753809	-6.25251792105666	-5.37975233147028	1.35696987810148	1.8192133856225	-4.55455028280671	2.58491283823904	-3.36473177135191	-0.9771971416006	7.68445365456119	0.321912854948086	-3.26714675214942	-0.354727203736995	-1.98871769036741	-0.128130149121649	2.71652595960526
S6_pS235_S236.R.V_GBL9026281	-0.150721794837443	-1.49437642779843	-2.61763285094072	1.04850667873492	3.87165318780268	0.960463460547346	4.72419801773105	-2.41112130622972	-2.76746074571191	1.51595873425943	-2.80696015745802	-1.0770105576354	3.63481832061055	1.42187041864778	3.51009639181164	0.279151361904489	2.72245602105273	-1.88706614855969	0.16948067864434	-2.25614462992995	-0.276750547876103	-0.601787640564547	-1.64314281718212	1.16828621808359	1.61257267362281	-4.89822511295602	0.457553043675853	-2.8174833499147	2.16528836176736	2.18755841084967
S6_pS240_S244.R.V_GBL9026282	5.50707368941618	-2.28603086655377	2.87952979423047	7.15864722927941	1.24573065803197	-4.24821846729502	2.88514280477002	-2.19533386927854	-9.10099130562059	2.94682765452236	0.273793100769675	4.7685372706375	-4.19106203173547	0.604311214115295	5.58768338136782	-3.69885255138749	-0.345088067434454	-1.41735383606291	8.99015426997652	-0.678114262203635	-5.29448117018355	8.00033983337826	-2.49994894106872	-7.51209532345637	-1.55524982220391	2.60256857799221	2.84875577382232	5.23258323313584	-5.71772718930773	5.39405683415621
Smac.M.V_GBL9026324	-2.24806212762226	-0.572000488232644	-0.983878081996498	-0.962819207548494	2.61976799817487	-5.73819143989843	4.90512555739659	-0.218063722871717	-2.89824075149531	-1.11273074917948	-3.24808878257707	-0.810407415820683	1.57932708417824	-3.73302643273908	-7.90562099997011	1.11580519037257	-3.86585431174399	0.14704559518705	-0.338696731789364	-4.08147054831672	5.03233702890158	-8.4561768034685	-1.21166461810426	-7.32910625113736	-0.948881056276197	-1.50145061994114	-4.58033808331788	0.884992406340739	-5.89411768813458	0.393581150738003
Smad1.R.V_GBL9026283	0	0	0	0	0	0	0	0	0	0	0	0	0	0	0	0	0	0	0	0	0	0	0	0	0	0	0	0	0	0
Smad3.R.V_GBL9026284	0	0	0	0	0	0	0	0	0	0	0	0	0	0	0	0	0	0	0	0	0	0	0	0	0	0	0	0	0	0
Smad4.M.V_GBL9026325	0	0	0	0	0	0	0	0	0	0	0	0	0	0	0	0	0	0	0	0	0	0	0	0	0	0	0	0	0	0
Snail.M.C_GBL9026326	0.0786512381904312	3.24246832310647	3.34157981765608	4.94687240145002	-3.48911752767144	1.95862181307769	2.42799455000895	-0.745098023429763	3.94232733793473	-4.56090064217183	-1.22858743751908	0.176275556358853	2.11272154447882	-1.64402240682267	-2.75100069883729	-4.81104570043052	-1.90214410794945	0.462442442697994	5.49639048106605	-2.66028367778198	2.66059035089678	-8.26356726633353	-5.11211782940668	-1.11443823581683	4.22162158644113	0.241676946613944	1.26355793500128	6.06424551263281	0.550502520280146	-0.282874113743945
Src.M.V_GBL9026327	-1.24911863163483	-1.03907809541147	0.497773357571076	-3.52127910262231	3.95864614701333	1.53752115329254	2.41705393217476	-0.832424378319773	0.290162019586654	-3.20183466703009	10.7313711327225	2.74469603879674	-0.643775761333965	-4.68472532632719	0.80166668702647	0.764097002257768	-1.22657118148506	-5.21821230445643	-1.10144747347683	-1.05377970289805	-1.81928170253638	-6.54581783533644	-0.315014896915855	4.65643906701342	-1.37148646794826	9.07595039280521	-1.79254441451171	0.55597921428431	0.305560202113817	9.54212578283999
Src_pY416.R.C_GBL9026285	-0.700070140430592	5.13742873902388	-4.82949513094953	1.09257934276025	7.7029708281699	0.482110756400981	-2.34482796844967	6.18180425654763	-1.15132959039394	1.01048551685573	1.54020437790645	-0.424730214859927	7.35799044998035	3.94031865031375	4.44623737595096	-1.30319795616504	-0.195440657585236	-0.388621952587298	2.4969527428048	1.07310089458928	2.66914165620879	-1.16561913316153	5.9157680724282	0.366521026094651	2.06622154655324	0.832285188138045	2.87750007290488	1.8843760144063	-1.65616624686228	1.2877019008646
Src_pY527.R.V_GBL9026286	2.79513307967165	-7.45867664471709	-4.71132628157915	-0.662396291913766	0.572399554392522	-8.91912413847133	3.86546790440972	-0.824343278321159	3.55140221115619	3.25006564135305	-3.47380836398198	0.469584320840864	0.365180053698531	-2.44929505808015	1.61367680077871	0.740881933095996	5.33502839045811	-5.74709948698986	-0.473454442624451	-1.43024309947263	-2.21143125543656	2.43392681372646	-1.47118288133102	-1.57724562821785	0.336601602695073	1.71945436833835	1.45679468397868	2.7908947139777	0.195913799939566	-3.22808526051397
STAT3_pY705.R.V_GBL9026287	1.09009249055206	-1.20726618260578	-2.99424115283683	-4.84335766672557	1.24314435620677	-4.64018943895473	3.15085656775725	1.22908707504089	-2.93348185667403	4.52914135740224	-2.78788576255047	5.34123223972222	2.16066626916938	3.47232356957105	2.35013248721073	2.0988110463689	-1.47396006878844	-0.743893844294427	-1.05086655535456	2.58527987126534	5.32691955299031	3.58504020070365	-2.38811630465103	-0.15681983317102	-3.6761119455221	3.72541244852043	2.21294415292798	2.24962292874653	3.19446199782053	-2.60423142741699
STAT5.alpha.R.V_GBL9026288	3.04204096355194	2.25128363658048	-3.55691431993525	0.488948656365843	5.07624658061987	2.38513313951973	-0.674425607214282	1.25318050453062	-1.60626463099524	-6.03477341140822	6.19862295079805	-0.602931356579156	-0.536477958068367	-1.78346666416174	4.26331536525394	-0.739973129464923	0.802055376168202	2.31056597921822	10.3327321783333	4.78085437081652	-3.44677694408467	-1.83114989319991	0.700707398050678	0.500454550718015	-1.51599936203882	0.218110763902674	-2.30273985707819	-1.03391865483975	5.78970118517073	-1.7363414011497
Stathmin.R.V_GBL9026289	2.06722104480081	-0.643774345541172	-0.789188204942071	1.36463591731345	0.60310404671999	0.255240874223101	3.10239626390759	-0.0189003978405426	-0.896221336770117	6.12090079436628	-0.857152777927242	-3.10769997618158	2.08269771497215	-5.28608761836618	1.69919500556205	0.253961722384597	-2.68305292892213	-3.2044811453275	6.6328911945478	-4.36359732141425	2.78669720710261	-0.431338110756343	-0.835309091823286	-3.58657125556264	4.60483278897719	-1.98510722927819	-1.98800414475086	2.53730810743495	-0.129910533340976	2.20519411465264
Syk.M.V_GBL9026328	-0.985547517717395	-0.757268517002649	-1.37968405174929	-4.47692862831907	6.56090962946076	0.557161210224178	-0.88018877454697	-6.06074066082082	0.0116154700784759	-2.01368631256263	0.213068625235709	-0.529622683448958	0.200175467124035	-0.518991739140364	0.441148515004059	-4.71732745772	2.05870748972884	-2.8482715929395	0.917989017609487	-3.25064411514893	1.12023828148796	2.70643439845284	3.37111889511316	-0.00850047876908674	1.91132708652979	1.20749602818135	5.49134320374154	-3.36962355654342	0.00798621535489397	-0.575806193144903
Tau.M.C_GBL9026329	-0.742166619648521	0.396944036473309	0.891601423416756	-4.73650639350313	7.05991499779998	-3.3078268514738	-1.29349573561068	1.8437201209217	2.42884713172799	-2.19742036970316	5.39995288798464	1.06106137833941	-1.6395201144419	-5.47363150117837	-1.85140236381922	5.20457810343569	-2.16304585166607	-0.16404355494544	5.60337202182234	-1.04944205527204	-4.0108953026906	0.634676290580149	4.31590932801291	2.23923267611279	-1.27742950336751	-1.32316764344692	1.97738441616167	4.65914593426313	1.94937325817678	0.186560921354951
TAZ_pS89.R.C_GBL9026290	2.2297829556137	-3.06008694408026	-4.66907181631972	3.17537631805313	-0.159118582532346	-3.09674954709131	-3.33804669972021	-2.0652833721823	1.43174848660427	-4.6604829879783	0.230745915586088	4.26653172403146	-2.24949873874095	-1.17954016758377	-0.667868804251095	4.79974861825646	-3.48479423207475	3.01934839056106	-0.570082113945789	-4.67011664555432	6.48635000243533	5.45244621799452	1.60467456728359	-0.139553029564962	-1.94828802986546	-4.21702852178011	-3.55624491949291	0.530559750606266	-4.37687974261668	0.676376438434632
TFF1.R.V_GBL9026291	-5.77008073048537	1.76437272103658	0.291168504148469	3.27866855592304	0.242170362654708	0.49664539075255	-4.07256880915353	0.388261356183587	2.22904216600019	-0.357357145789721	1.90482950948376	-3.24071373920642	-1.05155645211375	-3.68256602096824	-1.09790038828041	-2.52586836021538	-2.23021210544118	-4.34791153614569	-5.69192364227362	-1.68488731934881	-2.6681033353959	-4.14372404265974	0.978533905902648	3.74927912996307	-3.25733950908465	-5.69725690081849	5.81126951722218	-0.957546204293795	4.71241006337517	3.28711028803831
TIGAR.R.V_GBL9026292	0	0	0	0	0	0	0	0	0	0	0	0	0	0	0	0	0	0	0	0	0	0	0	0	0	0	0	0	0	0
Tuberin.R.C_GBL9026293	-3.64359573734923	0.250216652996617	-3.23814392495976	1.43233203444554	-0.146329870612569	0.701929681752491	-2.30467137969203	5.47783460591075	1.94950731406987	-2.97328752181145	2.64220640160417	2.88853003027218	3.66147134887487	2.16618718677034	-8.05891053989558	-3.27872628110468	-3.93797267688936	5.31762998646746	-0.992803728979962	-3.16244738524846	4.28428785695443	-0.398792815996341	-1.10864551586388	1.27024817461248	-6.90920071537648	-3.49055829698697	1.49759852207533	2.5091333648953	-0.392601687044793	2.79022357996306
VASP.R.C_GBL9026294	0.133616278407382	0.467957621899893	-2.95058078518699	1.83752744011297	2.21397374837	5.45733876112081	0.379598349832812	7.17706994951344	-1.65685977565241	0.907886309887529	5.45703304856974	-0.0634701689617596	-0.0190225350700067	-2.06617816666838	-3.16384135866996	-5.0286573429763	-5.34026048003633	0.754085730960093	0.141470621712231	0.834936131169898	-0.474707637254526	1.20725102745545	-1.43839922079872	1.52455203849515	1.9972105418948	4.35903824291058	-0.471440409106029	3.29007553531201	1.07770721573013	-7.43373246996205
VEGFR2.R.V_GBL9026347	-5.47628047245469	2.28771815795046	-2.07229836502714	-2.37662163725063	2.32341884362953	-6.5055029553968	-1.12475633777871	1.97519030080995	1.99716761435816	-0.826535977648858	-2.29020563031792	-0.588978072432805	4.87399837151249	-1.97440013184983	-0.718845443616394	3.77822733203286	0.947485078646437	-2.23862506730976	1.57329874667536	-1.75824105330175	1.43717389128365	-3.88120170055229	-3.71988979789513	-0.225242096735252	2.49839381186047	-6.3350494681887	3.45915392716146	-4.02336887515149	-2.04747790620294	-3.58739970446928
XIAP.R.C_GBL9026296	-6.16928053407794	3.694750236364	1.60775071035305	-7.30922548679202	-0.605043047138668	-2.89603265668811	-0.479876512081765	-2.30116386387263	-2.15155479269547	-5.83673351085902	-0.153010595645393	2.72245955546466	1.32314220160731	-0.762580184020719	0.0186416569333	5.72792204898882	2.97099586630861	-1.41806909222067	-0.728147382854611	7.23377845414983	-4.1295113307019	3.23699396914997	1.18643658248953	-1.75466557938119	-1.1195991016299	-1.64317155429703	4.13698339313067	4.47500477136901	4.36825067956746	4.46972132238269
XRCC1.R.C_GBL9026297	0	0	0	0	0	0	0	0	0	0	0	0	0	0	0	0	0	0	0	0	0	0	0	0	0	0	0	0	0	0
YAP.R.V_GBL9026298	-0.481971638618756	-2.25788413896386	-3.8669884927649	-1.7052853536047	5.96219172583697	3.76622307720751	-0.762204993802169	3.50757923877732	0.473421902934519	-0.88051525104424	0.736214737728911	1.92942603097239	-4.23598921327374	-1.60781752539319	4.27306443264429	-0.93042579468472	-4.47510613563324	-6.62683818203869	4.09428902778059	0.849124761767832	0.622264074079441	2.73835133088732	4.9874146357832	1.14771403373792	1.21225310040762	5.47954516280897	1.06254077187084	2.19540998896642	-7.62866904322518	1.53069649624394
YAP_pS127.R.C_GBL9026299	1.33151123761229	1.95955819060383	0.815628799371175	8.60220775144688	-0.853493466184799	-3.5434986151426	-1.40483119100879	3.39735600461404	-0.7195797422509	1.50281369963832	4.01764825624678	-0.433413719652116	-1.74266750580593	2.91512405942315	-2.63022274010735	-2.90511753806306	2.4573421149043	-0.862081183184689	0.38281827314429	4.30700646425232	0.0248024895183022	-6.89241719007671	-4.45965986523501	-0.735982945099622	-2.02296825252493	-0.749791099160115	1.74986923750516	-3.76731109269697	-2.57447967261042	5.52798091026983
YB.1.R.V_GBL9026332	-0.579883699703158	-1.73999688169732	-0.769572415208341	-5.08647719571445	-0.694964954851328	-4.39328360176122	3.25022212668594	-0.012327242181838	0.693850960158783	3.71768381732264	-2.82034227364841	-1.83260851023703	2.24102557386621	-3.09146327463152	3.65689447953137	-5.12782577072065	0.137866631025651	4.30450755520998	5.82960136548723	2.75648333441894	-2.91865018432644	-0.883613597286428	1.96868618837788	-0.876058443603575	4.59884421006694	2.53879007792451	4.12327054743386	-0.0941178426390642	-1.26471113862951	-1.15025170493528
YB.1_pS102.R.V_GBL9026333	-2.85212566439675	-1.97069529012684	-0.842973388182871	-4.2613184615617	-3.52739300814071	0.228425182377394	5.42765263125753	2.0953126584712	-2.56087556477199	3.77079536558728	2.30816028138783	-1.7903136203365	6.98130312960646	1.31494448408847	2.17761294817527	-2.33503484626031	-2.46770486689365	-1.66598283476761	0.748270942726202	-0.184596708132375	0.408144985613082	-4.72698047830012	2.03880795089255	-2.08644380206338	5.74631489622263	3.90123654353359	3.69377853374482	0.840419557710019	-4.94556143340283	-2.61924041870082
