V1	V2	V3	V4	V5	V6	V7	V8	V9	V10	V11	V12	V13	V14	V15	V16	V17	V18	V19	V20	V21	V22	V23	V24	V25	V26	V27	V28	V29	V30
X14.3.3_epsilon.M.C_GBL9026348	-1.53523728771907	-2.38094555985196	-5.80227116609951	-1.83102361778117	-1.05502779780948	-2.39028998558321	1.4554347961167	4.2423634059165	6.67161187737348	5.84069269770821	2.65560573973036	0.0124382007807388	-1.730287948434	-1.81122472887689	-1.27271452323489	2.12005287557941	0.434511732845888	-3.48374553725015	-5.15677616522679	-5.4333747238438	1.35628311297971	-6.08285129981632	1.29499913522562	-2.27580145759361	-3.64182081361081	1.3285149107875	-0.621686983014241	1.98311369527027	-2.35680470333001	-3.51702123132306
X4E.BP1.R.V_GBL9026169	-3.36661737182806	-1.23976350310783	3.97143359299016	-3.58996849544915	-6.50213202859012	-2.93812815512573	-1.70641357315784	-2.22866616538905	-1.40375426721007	5.39301352153745	-1.23854771894065	4.94733696282789	2.62222790493023	-10.4413115659107	-2.24667693420802	-0.376721576255081	-2.58977735352296	-6.89462235927427	-0.488100174159392	-4.72621323722992	-0.324477994404146	1.61937722015412	-3.79292468258514	-6.05655958522142	-0.373646069008708	-0.213370494244004	1.33558780886361	2.57568086075997	-5.64856525171437	-2.63203534007944
X4E.BP1_pS65.R.V_GBL9026170	-0.259462944429834	-2.68815930229863	0.450174532573279	-0.364929172032658	4.2145949792397	8.03382021198723	0.867436704183132	8.41090542701301	0.00578240410735104	-2.19735855147526	5.57455751616587	-2.64233753194031	5.84546424360191	2.05791097441382	-4.23984926778019	0.306240533586797	-5.1615802820605	0.761128461517666	8.36795727664797	-3.39683030815167	-2.43599848747159	-0.449201732218598	-3.30229766156339	-4.05352302304019	-4.0799969553862	0.854481040614218	-1.41875411246682	-3.99557662745375	2.73365030376848	-0.848098148092521
X53BP1.R.C_GBL9026171	3.59185880479427	0.747462131780185	-3.31288024352723	-0.472357692796549	1.40746671238623	-0.129674148778023	1.59859346280957	-3.80032830885443	1.91601397457696	2.79169728839365	-6.56659131561999	-0.918100145787184	-3.86101730224619	2.27634066983355	0.161919966886069	-4.17141480314863	5.27799883353818	3.2628803007057	1.99729718414654	-4.7316337578175	2.18209750493485	3.89468536179154	-0.0445232635137157	-0.480392596663361	2.11157593165897	-5.10948926585499	3.69320901788613	9.12865659303961	-5.50098520501688	0.692163757951241
ACC_pS79.R.V_GBL9026172	-4.39929248447306	2.64725221557134	0.649437994065271	1.72395032393501	-3.18985086228287	-2.16912702520051	0.992047789621526	-0.727270276707247	1.83753734359856	3.14719661013678	-4.26451406327014	-2.60018518298194	3.02542877243984	1.14846994059815	0.641344420514481	-4.21555176650408	-3.70586685799251	-5.28994603624771	0.128107188682008	1.1871677329308	-2.6746298974997	3.42153935792728	-3.1221354469249	-2.13612746714303	-0.61880913400166	4.82342028068839	1.1947766197176	1.14951361091448	-4.19403357505917	0.0756276803639863
ACC1.R.C_GBL9026173	3.47512634050332	-1.81680163043211	5.48539308915121	2.44885585753892	-3.04631458227353	7.6812121015032	-0.976751320180823	-1.52859941874584	5.13856315749996	3.17114568028264	3.65175073611793	2.0629326689886	4.49616918433962	-4.7738725039251	0.681684895488276	-0.982307653791575	2.07531595726458	2.45193493717642	2.6543986077243	4.89075050390072	1.23349487646237	0.572249199544084	-1.42387324371236	0.0944956910498291	-0.85323483525597	4.19152139464647	0.084889319964779	5.32921001903269	-2.94113175875522	3.63839205025533
AIB1.M.V_GBL9026302	-4.23366431269329	5.274998218351	-2.84846898224782	-0.53042096551794	4.7511071183742	3.46223778983166	0.491962764525342	3.88720695074917	-2.56578736404295	3.70309308140629	-6.88555635170296	-3.09129646279905	0.751712315378905	2.31982939363285	2.93244329704496	-6.558272414474	1.5000791350926	6.78573875447366	-2.76415391254224	0.629582009123454	-3.44579186862464	-4.0629507615654	-1.21580764858373	1.85198814364756	-2.97715301493819	3.92113999149871	-1.20321614938138	-0.674774508833766	-2.09828448778134	-0.354996851281054
Akt.R.V_GBL9026174	-0.396641812424289	-4.45756936301322	-1.27349991074608	1.70603113206293	1.2371717129946	-0.99241621385852	-0.0932812695969312	-1.17609220071917	1.84100030752476	-1.42822269667657	0.880565675945321	-0.565628043186194	-5.3982084523907	-2.10551791223284	3.43356593328783	0.0549069942658166	-5.10942454249223	0.339034925424423	4.07083905272174	-3.61779409059561	0.256988075529957	-2.10753677248228	4.56204485291442	-1.12252186094002	-0.333192648299014	-2.48819454991721	7.06935028508701	6.66586241727118	2.1777614276205	-2.66728468090198
Akt_pS473.R.V_GBL9026175	1.19804985685464	6.81811848645633	2.34125471473505	-6.08052730655523	-1.83452366612601	3.9977337112359	-3.08942108988196	1.77307483886174	-2.01769119175954	-3.95045342433146	2.79741903794869	2.23931655279047	-1.81791066788966	6.14543830350392	2.58617476308442	2.43230919349808	-1.38648141408292	0.888969022264195	-1.42447897331962	1.05402196152856	1.59714150378844	3.00755590404059	-0.693466025472967	-1.11233075513582	4.69619918765909	1.97196885595937	-3.33210424180654	-1.93740219787448	2.71606501358907	-4.55668892145473
Akt_pT308.R.V_GBL9026176	-3.91112291732827	4.45552683230782	3.84356385575556	-6.2067665691418	0.0488557099421618	-1.33803013068516	9.38734739849772	3.62389036163715	-2.49777940611428	1.9227383935583	0.551465594167832	1.28782107332513	0.671476283426236	1.34917450673826	1.85262740044486	-3.22296004845911	0.225365902691594	-4.49268692158519	5.49263605234738	2.37910041219567	-0.462187782216816	-0.0653226395586364	0.124740056701994	3.48428834522012	5.09853955950349	-5.86943765907709	-2.33134207205201	5.27723945311343	0.20076016987847	-0.835963050342999
alpha.Catenin.M.V_GBL9026304	-0.818425035567188	-3.37347838155715	-0.257598536479972	-3.01131843819228	1.59456040099355	-4.33544763629296	0.750472985977723	1.71845192169341	2.21582735128258	-1.87284261703252	-5.67247836376047	-1.61302814572882	-3.94558497543396	0.831410909412563	0.319916888294292	-2.42292135953042	-8.21044980258798	-6.41135873012788	-3.92189083411574	1.67032326808233	-3.70873926338588	-1.74412620577603	-0.678705356836748	0.487448542636932	-1.36942368341762	1.5238882777571	2.86268957423863	-2.60449361439008	2.62489133453448	-2.08298586748784
AMPK_alpha.R.C_GBL9026177	1.22193220294999	1.94816145148164	-0.368899336886132	-0.382550166016346	-2.49942859866447	5.18633781336797	-0.02373270957877	4.09035002428881	-5.12570798211637	4.27938722655308	-3.0982711127326	11.007210701915	-4.58183076207884	2.49013123958902	0.902921292383092	-1.58218196622028	0.52426079558096	5.59917483856745	-4.31295809612548	2.24397132575656	-3.16665380810803	0.306417331387311	-2.73301204525505	-4.48610281040254	1.83272572855295	4.52365168783203	0.424315863145064	3.71659346848889	-3.01851319171219	-3.62715572794641
AMPK_pT172.R.V_GBL9026178	-6.73606235898186	7.2046466340879	1.1866861517142	-0.940872904611234	8.99545579554344	2.1620082481377	-2.22339946512907	1.87907964201603	2.60869866572873	1.74123604728952	1.65280106297418	-1.99081853020897	0.765896648976098	4.77496245250195	-2.5826145161123	-1.99260015878754	-0.138036079341703	0.922932880612451	-2.17758258834829	-3.82859509230395	2.71265874176139	-4.25824523497442	0.847245961832549	1.1445357695922	4.57766488129124	1.5948402052205	1.83935790185163	8.68835325977162	2.06304223171793	-4.08484304688147
Annexin_I.R.V_GBL9026179	6.06695645834516	-1.62798905632862	-0.629072580516915	-0.891089339178176	-3.9876191208586	4.71804972551204	4.26301648330578	-1.58245301149773	1.81208008915478	-4.67012353053659	1.78544963109295	-3.64856195470999	0.194299988495377	-2.15617839255963	2.7567867633713	3.62082447936099	1.98914182313555	-2.98259481960917	-0.0649939917219427	5.85420578761754	0.658413406713161	1.86946208680227	0.2197119293462	4.36530682258207	1.29406011058493	4.0295105974365	-7.45528824845355	2.54636003006231	4.19784029292758	-0.349555148283697
AR.R.V_GBL9026335	2.18983070474366	2.0524023375017	0.116752606277746	3.3630309840104	-3.04640059178264	-3.85359031727405	2.6352260460579	-2.6977980536043	7.29849344192799	-0.533239270981593	-1.27841851977993	3.22338984653692	4.73991394524964	2.10205361808432	-2.69944419251913	-0.0602918652686333	0.719412732274947	4.07401633239122	4.14466984775089	-4.37377333298027	-2.95372818512701	-3.20981003652565	2.58178163824769	-2.89360789412895	2.80525417774088	-1.80454562646099	-1.45334545141792	-5.40651145333485	0.804171722654107	1.70939549934774
Bad_pS112.R.V_GBL9026336	-0.159590421463294	-2.21515634834828	-1.64974232856256	-2.79795860033516	-5.8731507664011	7.71006606114406	-0.954617437098915	2.67136597275515	-1.17975328732344	-1.31474452654804	3.25305191552511	5.9134324515176	-1.18133257686148	3.19722383918567	0.995523062499617	-1.07097102529126	-5.47695612645213	4.50957284623129	-0.5049738482114	3.49117105328939	2.98636271014129	2.79002625738918	0.687743774181921	3.56982102965851	3.55246545313625	-4.35473733760553	3.32338409182656	4.54838289758677	-3.03945825755626	3.73311309997257
Bak.R.C_GBL9026182	2.23028936907622	0.481297977572846	-2.69633563317987	-1.23704140536491	-6.64208907151113	0.315433306607082	-6.03868414408576	-1.50100362526603	2.17199227323376	1.82281098821708	-2.21529448770415	4.37489168432112	-2.96445541220055	-0.172798154107132	3.84478042788319	-5.46129172828583	1.79736762241203	-6.17087400325557	1.61354686363501	-6.71936613304621	6.15231053642426	-1.18882194159994	1.81927662796584	3.7631122283595	-0.0311042845406879	-3.40136958613582	-0.0468422774756566	-1.34530339754734	1.45795915429698	1.2125401768364
Bax.R.V_GBL9026183	-4.57632509204977	2.32832461133631	-0.104095438612609	-6.71598486216274	0.200132102497923	-0.86559063612132	-1.39667723717746	0.0177888972417921	6.17400309254402	0.0706569764582837	4.5228374033111	0.969233842784725	-2.79422864836388	1.19822164145817	-3.33746915812443	-0.651507294504421	-0.821954127702039	-0.183772506013749	-0.693550627730561	-3.64285111477703	-1.19535864443732	-1.45802545555276	-5.23068585228678	-6.13181338852173	-3.70300894099808	1.811182736394	0.668610657842705	0.0617769658244004	-0.221816026435794	-2.08195200283248
Bcl.2.M.V_GBL9026303	3.82612674745895	2.21862948396138	3.92811263784242	0.654548565756579	1.46585244622057	4.39867453107755	1.02151642745986	-4.66282460414527	2.85163195635282	1.93383104944889	1.42915229652704	-4.88996552485988	4.36407879769448	6.43062444194178	2.14778183304358	-5.60109754994477	-2.44208992197772	0.717875122584124	-0.84293740000379	1.627993988994	0.393745143193464	3.67922377165518	1.67313613372581	-4.57466933341347	-2.49818938948739	-2.03164189700023	1.07026714403409	0.00543121964001325	-3.08655285161447	-2.33357773458167
Bcl.X.R.C_GBL9026338	2.77747526615953	-2.84220333630434	-5.53191410896458	0.870996525170414	8.09131874296443	1.15420289660083	1.63862540947347	4.10700248433099	2.82060990091979	7.94522717956449	-0.928095830638622	0.611216637563814	4.28895346683616	2.81388726289997	1.08826342591358	0.343940041807052	-3.04310327235516	4.32082837747902	3.13994063794339	2.05507337885065	0.038970910431	3.17881058139497	0.103847924524492	3.37946176057331	-0.750918325877207	-6.53516288141731	6.89740354326205	-6.03755489052836	-2.82728898078753	-1.92308140355535
Bcl.xL.R.V_GBL9026339	0.846894376143922	1.98156071287696	1.3110824533039	4.88292785306475	1.65293734494644	-1.18839586703676	-0.896758840869531	0.926604916419598	-5.41324788220753	0.513284434738779	4.38483053190464	-5.09254595296659	-7.02585674397292	-2.34262698473731	-0.103596597287769	-2.32891331923353	1.67647818784413	3.35011048887088	0.624563850120994	1.89864821992529	-0.0184735966324255	1.28542140364688	-1.81296970067065	2.69597702058717	8.28925085370439	0.0994316965180325	-4.38927704651296	4.29823009718896	4.62100600043787	3.18401014059221
Beclin.G.V_GBL9026330	0	0	0	0	0	0	0	0	0	0	0	0	0	0	0	0	0	0	0	0	0	0	0	0	0	0	0	0	0	0
beta.Catenin.R.V_GBL9026194	-2.27014909626257	1.07670558394201	-0.240573475836863	-2.35137229259619	1.45564755321883	-1.32872980435252	-2.63643206403742	0.589548712262731	-4.37774403122539	2.60356661145702	3.75600227560714	-3.89345553273478	0.185518274952097	1.04369047127161	3.07020430356151	-3.30128955970223	-1.62885786362901	-5.00377992901325	-7.00525730466724	2.61597452166808	-1.17722737188099	-2.90314903033312	-3.46334989758565	1.69422424661176	0.185721995918481	0.544684502961444	1.05450477367414	-3.90232989847969	1.09077575672038	-0.265329927872326
Bid.R.C_GBL9026340	-0.630543962532785	-0.78457838840176	-0.346619066324251	3.75912032841559	1.03995933980519	2.07506712281285	-0.884299302633087	-1.97432804199105	-7.05102972639197	-2.77647620954075	1.19655785556066	-3.38606156325705	2.91854800366499	0.476539401586202	0.00884540533808925	-3.58468879742115	0.356456812071155	-2.78506474825152	-1.98692190188007	-0.105596675416633	-0.644341243458237	3.48937378552395	2.20430129745896	-5.39276026856693	5.47422760454534	3.5788878272346	-6.11441791338124	7.92848277271681	-3.00349538095264	-1.43230973816314
Bim.R.V_GBL9026351	0.559271433878746	-0.783557154553827	-1.29418785472345	-6.64121155392972	-7.77641517228222	1.45650596581766	1.30641458125148	4.10037837509078	-5.32899715869033	-3.88854597791744	-3.037906079968	4.81568479942709	1.02943637076514	1.5684926337387	0.10454523578997	2.778698989153	3.89377913833904	-0.920292691207341	-4.54908197351445	-1.21481741363786	-0.792892044408815	0.0361595941017167	-0.631541287194971	-0.902419673856246	0.172327324420619	-5.44995479282035	-1.53664203682932	3.41828386690645	4.80387835671114	-1.97241041270339
c.Jun_pS73.R.C_GBL9026231	2.35824155542345	2.42641364515184	0.284391862175956	0.8345240141482	-1.86690834551642	3.85042554467582	0.901661064183965	0.600267418500133	0.646257801793188	4.50000457466525	-4.33116010752945	5.44018395359503	-1.24778530581612	-2.47365319360727	1.41224590850733	0.7199985401991	0.454457218506653	2.90775508731248	4.81952333614399	2.42306391548377	-1.24030330090003	5.53931402083415	-3.22581969740535	-0.0295511200136717	4.47473073357129	-4.34822709612526	0.110408551609062	-3.81458837286255	3.74556119143759	-1.47350802904263
c.Kit.R.V_GBL9026344	4.27325600605476	-2.39707525609812	6.11544847063189	4.25303093316465	-0.273910713243061	0.182430038214896	-0.251240775387028	2.92876290044236	4.37539244208845	-0.647423359718455	0.414756101568596	-4.63424585313865	4.03731778667078	-5.57475954045778	-0.621639394515492	9.27516477710266	-0.039078609051086	1.43452893966291	4.96323182650952	-1.56993826242014	-0.910502823502596	-6.67324205961449	0.753209256857735	2.1834329368839	-1.73812806160611	-1.8961398082158	-0.56125673598066	-0.371084136662752	-0.638358293683172	2.82965117682552
c.Met.M.C_GBL9026314	-2.00502083733654	-1.83157335237843	-5.29516463825714	5.8998692907997	4.96988716402841	-2.5658610109718	-2.38326850086274	3.87172671323754	5.09166187252491	2.60916508001329	-1.74557262492032	1.23532935141861	1.44994123342091	0.112970454311525	-5.80023785757041	2.06090624980408	3.13453569072497	1.87224620644389	-1.69120444735489	-1.38223023648709	-2.36208278022461	-4.85484386745425	-3.86939307291692	2.36198247077332	1.21297692534842	0.0372337931513606	-3.03537190831254	0.564018923866631	-1.2192700621078	-4.18311103950043
c.Met_pY1235.R.C_GBL9026236	-0.338992521762028	-3.5868462857188	0.396257921417178	-4.10124884732918	-0.80332552806614	-4.62267163554657	2.31989470367352	-3.46041362592467	1.91987155995855	-0.176113846126662	2.72558291171298	4.36077242079655	1.91036966348081	-0.590567784713547	5.75411628584277	1.66572633510817	-2.26845434814964	2.31818169505763	0.471710250794313	4.46370460424482	2.7833638863489	-4.50998039060899	3.50020680445567	1.1804894138511	-4.20778580278728	-2.84926624675773	2.51678868835576	-1.97346041996296	0.463442919377106	0.94299690704313
c.Myc.R.C_GBL9026241	-0.861069013153733	-0.918044357266641	-3.74702607937303	9.64036224560819	-8.42773603443381	-1.90894344754101	-0.655470823685367	0.637775950302652	-0.210489792076985	-1.56584532043846	2.55573120090782	-1.65092382747438	2.35512232548693	-3.79472426954827	-3.83658848111491	0.627232756727924	-4.9191768175928	-4.8402683580123	-0.544356764469896	-0.123890610844331	-3.50974172635342	0.488645381556564	6.86510744102547	-4.17648562795253	-1.55560090321461	3.62817740585673	1.71396684911192	-2.16385532918312	6.33715050332684	-3.065469994791
C.Raf.R.V_GBL9026278	-4.94979595028574	-3.62373072714349	3.06625805493166	-0.848690380663121	3.65592749074699	-0.0902001360060194	2.42176159081534	1.19503184490764	-0.567628735882218	1.68941031384089	0.134498650883815	0.662833439346214	-0.371859461771	6.89738965112587	-1.8403190179919	1.19282360440103	3.34823624947609	4.21410151490361	1.39765808598368	1.7991575440937	0.633032426708145	-5.21059611408765	0.646547790816671	2.31424943723925	-2.99952484719843	-1.63595213488861	-0.913490497491642	-0.251177347295021	2.16321054872272	-1.61308157631269
C.Raf_pS338.R.C_GBL9026279	-1.11315927117984	2.32849223666234	2.72029718695989	0.624436733413036	-3.45475429339865	-2.67552736693954	1.67666838108457	1.12393245670828	4.226746637587	-1.35922630602789	-6.20607829842923	-1.83742805867675	-3.50355022392286	2.76492208944542	-0.892988841197421	6.26274596861203	2.0724214280318	0.284315322842824	-0.951802282814125	-2.24304884031633	1.88192970559863	3.57332578575845	-6.95487961762368	-1.07749557406481	2.39784376730716	3.30738627773563	-3.02110448137901	1.35025015385773	5.88554793458731	-2.34303755675673
Caspase.3_active.R.C_GBL9026352	1.51791960030223	2.16886039240611	5.38668120141125	3.50334127701988	2.23292586325584	-1.11951270755293	-0.620669571404619	-8.36405249121185	-3.6344232418068	-0.194442751905664	-0.2463467584745	-1.03259851520424	-5.61458724134184	3.99758779049358	-0.945214689960743	2.41818999198728	-1.09695823171287	0.999570704436956	3.03841539077882	-6.06809070990542	1.59607626115454	-3.86427992126994	0.628279906458752	-8.25259545989793	3.92603909556673	6.48153901635243	2.34713216172948	-3.50611103686002	-3.22575353687466	0.911754229709576
Caspase.7_cleavedD198.R.C_GBL9026353	-1.01069617251527	-0.0512439982096651	0.735497247252513	0.698584061002817	-4.09547982054503	-2.85284641287545	0.539315059682272	-3.50541480585597	0.137011724172182	3.1062550697804	3.56081862194164	-9.25875322680156	-2.4620751163953	0.088112057929863	1.42306685614191	-2.14152651658086	-0.84317285742763	0.0472328154082492	0.728905883724095	-1.94529915027594	-3.46465075570116	2.00781543944589	-4.56720499699962	1.93181827729057	-0.304009911783615	1.88812744851088	0.427923801740047	-0.071481714712368	2.99015531268364	-2.20986417675111
Caspase.9_cleavedD330.R.C_GBL9026193	-0.198872054221027	-4.77464170129928	-3.42767340209414	-0.708444369949981	-1.00500055369877	2.67221056469316	5.74610683805976	2.91304334968928	1.23712797868138	3.75560494243673	-3.63800755840535	0.68147978827785	-2.05766164116599	-3.54882609311227	0.221886442389546	3.39224629155314	-0.19214146178603	-4.99098601134081	1.98793491454056	3.94883009906636	-1.56677008618349	-0.842376249615166	0.816889324607122	-1.23183908248967	4.14105287042231	0.57156486471735	1.93657935275334	0.938868278231885	2.27424898244059	-2.80695543130654
Caveolin.1.R.V_GBL9026195	-10.0554037395841	2.62618555140652	-2.30657639268026	-0.978199222268844	-4.27413293467099	3.07041477966206	-2.64601233170107	-1.77321747260706	0.897311367403666	4.18677319426607	2.81460591471185	9.47314166882487	0.434723639881264	2.0956834688954	4.77998117602707	-3.42472510011465	-2.85805171224474	3.75784545960029	3.2799575181114	-4.24856683522948	3.28281675189996	0.549673556231256	-2.58613592681483	1.79903262479612	0.125027220314124	-3.45075395747136	-1.10081043012999	2.34578233156214	-0.50364445140985	-1.58121032193843
CD31.M.V_GBL9026349	2.33199736145366	0.0833251658845452	1.04593530576055	-3.42344978576584	1.14533187962666	4.2446186443699	2.58408304330057	3.1436361712402	-0.259972466842531	3.73459190328068	-3.48478263308701	6.1864478825458	-9.19845153154822	1.35819602412312	-0.194469826070097	2.73653447211132	5.13974797025972	1.29059970895339	-0.00487807241302884	-0.650643446545492	-0.892744572097596	1.04369530264021	1.10369409614081	-4.78307570770771	-3.81757174299012	3.09847300817789	-2.61791902117256	1.06413314171518	8.2551717214557	4.78207842533418
CDK1.R.V_GBL9026196	1.70743747644008	0.364453019604842	0.339364452848148	-3.01112468498756	-0.86547493350602	-4.55447940735333	-2.44707230332875	1.42199466916655	-0.97256744755624	2.00140616741063	3.23158146327192	1.95892191669741	4.8386881955602	-2.834297296493	-1.40187242713131	-0.907669781737236	-0.629614585827868	3.05555089501728	-5.04004856051095	-2.5384759353491	-0.285528280600589	2.79513894013618	0.826693377246746	-0.67590666483017	-1.43279349237684	3.30372429278997	2.10017021520607	-0.0759051394535447	-2.10848437906865	-2.33651952606011
Chk1.R.C_GBL9026197	0	0	0	0	0	0	0	0	0	0	0	0	0	0	0	0	0	0	0	0	0	0	0	0	0	0	0	0	0	0
Chk1_pS345.R.C_GBL9026198	0	0	0	0	0	0	0	0	0	0	0	0	0	0	0	0	0	0	0	0	0	0	0	0	0	0	0	0	0	0
Chk2.M.C_GBL9026306	0	0	0	0	0	0	0	0	0	0	0	0	0	0	0	0	0	0	0	0	0	0	0	0	0	0	0	0	0	0
Chk2_pT68.R.C_GBL9026199	0	0	0	0	0	0	0	0	0	0	0	0	0	0	0	0	0	0	0	0	0	0	0	0	0	0	0	0	0	0
cIAP.R.V_GBL9026200	7.01665636266647	-0.999003297407145	3.47926464882021	0.606459922859734	-0.963749774986691	4.46106311246361	2.75088985098596	2.93491899478962	-2.31812801918726	-0.85390511440629	-0.0159728336722767	-0.144625942245483	0.292834461882788	3.3002559187538	0.966317044971759	-1.16702346980613	-2.94832605021357	-2.50222196740638	-2.5692244513434	2.96244197146451	0.162207749016259	-0.314090679654644	0.362931405438224	-1.58268592095603	0.572804673961146	-2.91088680043398	0.400622052288685	2.75280083494807	-1.4236867241216	3.34632925834104
Claudin.7.R.V_GBL9026201	3.0391575781248	-1.10715016431035	-5.90689192869266	7.32304437810743	0.0972877136506944	-2.26668283531069	1.86090816479834	0.0712045582782455	-3.67358269083465	0.0671338425021679	-6.36846271169997	7.23962641876299	-7.25499310481492	8.01638944019641	-4.52233250970418	-3.65722008555057	-1.02916238727152	-4.65523507796921	-2.38998399950296	1.20871255052607	4.06967484597052	1.27543668393731	-3.56584605389677	0.0530868962579078	-2.37785631887828	-1.34014539516261	3.99106765819214	0.814733257722134	-1.35390218180087	7.67583735827648
Collagen_VI.R.V_GBL9026202	-2.67062968489885	2.14537648239087	-4.29470666804487	-1.0255244907379	0.732844949486773	-3.39742544767423	-3.37703505544152	-0.251363499268846	1.60542651903143	-4.76030270869067	-0.389773097318618	-1.02780640126065	6.53012456719138	-0.549952696360718	1.81745781092846	2.02936150373239	-0.896238933845487	-0.476271740241359	-0.69059990639336	1.93830009653164	-4.69706302672121	-2.1315936408454	-3.18292220145531	5.6272255564838	-5.90077811737095	-3.37066774198852	-0.738684588936616	1.41370157450501	-0.663528071665785	4.86472094468374
COX.2.R.C_GBL9026203	3.62363122647316	-0.946983882843979	2.18454971227595	4.51322110937714	1.61156340338388	-0.381380266891853	0.495764331902622	-3.25473356683018	-1.61144443743609	6.25382835312082	-0.467300039604531	-0.445596605185137	-1.2510191994629	-2.21316767575298	-0.18205495869927	-0.00978038186736546	-0.647264455103688	-1.20437051757284	4.83497631243706	1.386029928335	-2.86255218450201	1.74193506794746	-2.18677673764229	0.757766629099088	6.93622515331795	6.47236981973267	-1.93581748055479	-1.25039472010464	-3.20230764162875	0.477597410832907
Cyclin_B1.R.V_GBL9026204	-0.414500437872425	-2.23189428614178	2.88928183131376	1.4710648855634	-3.72037363465966	-2.4967126718855	-0.354811973555868	-1.06491744716174	0.18681025628583	1.37588221324834	-1.75873820996658	4.96679005877374	-4.5358667421284	-2.58952534830962	-1.6104085815966	-4.7218997000934	-1.50966114130753	-0.890806878732638	-0.880564594252619	3.03710122805329	3.29541140717723	6.934292512837	-3.72278705912162	1.58648752732222	2.76697557370556	6.90270950370893	2.28016698470454	-4.74664699904954	6.4630882794101	2.21989176279919
Cyclin_D1.R.V_GBL9026205	3.1510655923465	4.90300359826054	-2.97985120564797	-0.145701530444757	0.475099298645422	-4.00871684780889	-1.25444517003022	-2.72461347385342	-1.91758837780435	-0.253947736762926	-2.51656444686478	-5.47080503165671	-3.8194988370232	-1.70930266703532	-2.05477708805804	6.031094010663	-1.48630746211148	-0.235259795503739	-3.65182072697856	-3.68423879416951	3.68505246187955	2.86250321919669	0.024298824830436	-6.988253246645	1.31131099775367	-6.69879574284146	6.67711619015231	-0.470612456325816	3.51268142723177	8.13109223597078
Cyclin_E1.M.V_GBL9026308	-0.102315163891267	-1.6522321573674	1.60267570459376	1.00502381568256	0.298443185739837	-3.95689632245705	-2.55723546059013	-0.0441893864320993	3.99562396106771	5.25933388235894	5.12838331527873	1.43699410705299	4.25642300920276	0.668615722003146	-6.08220906623909	2.81370480295646	-3.67457481182145	-3.90613855127418	-2.07699104306958	-0.961576542416566	1.91500623750556	-2.02676753569701	-0.125301267060145	-1.09544089463384	-2.88782854498869	-1.66242404338424	0.0164653002779581	-4.07986907803037	-5.54116491972337	-2.170879118157
DJ.1.R.C_GBL9026206	4.4498113849397	0.589222215427633	1.70530482718341	-1.17253873135997	3.39688507881299	-0.426798164744378	-0.511894409442442	-1.99784239752562	3.10630868340639	0.913764064441612	-2.67050806480776	-1.25810577040995	1.47982573037585	0.0682159955073909	0.634775925825775	-1.27787134356185	-3.35954499364835	-6.31800283391293	5.50804307599091	3.87572078291146	1.99672967521338	-3.25463199084202	0.321023640366501	0.243501958068792	2.24934421719707	0.718689764451583	-3.89418712785583	-2.92562496330272	-2.08051377324583	-1.67592265855317
Dvl3.R.V_GBL9026207	-2.15438862167105	-2.68729456742747	-1.61263514581038	5.83167669074309	-2.84974489085027	4.68296468577647	1.02057010498025	-3.58515801824688	1.81002251111879	-3.89430411918318	3.86832355999883	1.65852143962055	-3.13466262752293	-1.00584069660711	1.41701381046746	2.47495465732489	0.718077649197465	1.62852151256168	3.06147444544201	3.53632437308291	1.93931748366541	-1.09951767403073	2.6552672094943	3.33911921002587	7.15902965758775	-4.78849022699743	4.96673294387235	1.19148726588175	-1.09532419112223	-2.67880857196721
E.Cadherin.R.V_GBL9026188	5.9813355329318	-4.91653637212066	-2.08227808676799	3.11914754341226	3.84560552797991	-2.67778377465161	-1.65561766349449	-0.490994321757555	2.03597046591303	0.795778204270428	0.264543762326676	-5.53737959206856	1.89340884984966	2.96191998379453	0.291625200296929	-0.571391931941372	1.6131418022096	2.29175515091225	1.54607607146871	-0.705168279852163	-3.80438041330206	3.73785196589069	-2.59916376887964	-3.23389189316802	0.112783707644647	-1.66896673821363	0.571963179596302	-2.84721649609256	-2.73867718207137	0.732303150707772
eEF2.R.V_GBL9026208	1.67129568600049	0.0885211757321486	0.326147526648425	-0.715139229273697	-1.47363390778347	5.64237767028042	3.53084488409926	3.22169158568502	-0.6311963876016	-4.64125935319971	2.72307111405413	2.69887491011267	5.64901353005348	-3.82715224880919	-0.380695164617159	-1.42507267392127	4.74371810780106	0.16123790483862	0.0927100862787623	-1.95627490931904	-2.94705602122199	-2.32116986008583	-4.35479956047471	-3.74607192731202	0.805040984228131	-2.53328835881883	-0.41336216544545	0.409701421590498	-0.256417328788042	3.27582770540959
eEF2K.R.V_GBL9026209	2.50973506423592	0.712655313081109	5.69862500911218	-4.400316997135	-4.11179111953993	-2.39549219707162	3.37196975555317	4.58642581756239	-4.60503054241445	0.441426420575135	-7.55181706182506	4.52485947513577	-0.832438075660093	1.29773278861547	-0.105522661930713	-0.560792602995395	-0.331452406544378	-2.35854611084544	-5.8643753719759	6.71260152593377	-5.1712447582406	-2.83031239851517	-3.15431221967041	2.36160773872325	3.62830894126715	6.39899871072402	2.66632487738865	-4.2327780262469	-4.4342355465461	-4.94745845589985
EGFR.R.C_GBL9026210	-1.56690969442647	-2.16502934541888	2.24340204495507	-2.50346190258615	-1.72940331584823	-0.557414180477672	3.38851417717273	-0.200426238244938	-4.79020724330647	3.43224665226206	2.67944226739502	0.378453719251073	-5.59062288709258	-1.4718607974127	-4.87670150303448	5.623518010283	0.246585888587662	-1.66985136008718	4.84455633292167	1.90709679314067	1.20581875900706	3.02169677494635	5.82112643164258	1.07372836853007	-1.48747047145947	-2.04875645066436	-5.65597029645395	-5.47470349168554	0.267613283724066	0.530967492109782
EGFR.CST2232..R.C_GBL9026334	-0.417696478072686	-5.27163244286452	1.18218565200185	7.95392538627355	-2.02184941355827	1.37624708219513	7.39410874974593	-3.12712556736422	0.139949378319377	6.74989777589707	0.100242347947892	1.07413138952854	4.01964796825758	-2.41394753132515	2.47602525871369	-2.46793460459646	1.60700604751824	7.36325909822883	0.549607702522203	3.25032202416816	6.40923245022268	3.32307407467165	-2.89551659135687	-1.51324688728812	2.80887450929972	1.96126765035138	1.65397870739347	0.997036163894064	4.34710582090027	1.18485307073394
EGFR_pY1068.R.V_GBL9026211	-0.00505704678220018	3.27383298121496	-3.92015888154745	-0.773105056294312	7.33608333557698	3.28878031619682	1.56967573679434	-1.27359737778363	2.30836761609374	1.33737852068587	-3.2756162526453	-8.72070476912628	-1.90648451427065	0.34774393039279	5.65084969252497	0.969386834501	-5.14345542991475	1.56100921368854	-2.3711255054314	4.51413455389763	-1.32631292786419	-0.043664380931138	-4.60409985286691	-0.119363046044686	6.9872938224932	7.00540035149995	-0.0758467633492411	-0.134414570404093	2.5866275183442	-1.3379454453518
EGFR_pY1173.R.C_GBL9026212	-0.254997329438394	6.28945499646688	2.85164788799827	0.398641869654545	0.528989350196201	5.53693379296152	3.95817890088687	1.74558412412651	4.04853915464871	5.53636253049147	0.551164063687134	0.0232636427461037	-4.40675535464338	0.470269573251871	1.34646419602315	2.85395760957452	5.63545654104558	0.0520679221837687	-2.39043078794226	-2.56826815257313	9.20266403944722	-3.87952570774131	-2.3610929104772	1.10668065328381	-0.469661777812916	0.294181875439386	6.14790671140645	0.117720274440308	2.93178005927361	-3.02343002338165
EGFR_pY992.R.V_GBL9026213	0.484992348226031	-1.65739160093185	5.7154859991482	2.92337593660815	1.7157497964336	1.14547113648482	-3.85889097143199	4.05850878384593	-2.53907359724606	2.83176702132849	3.04193872147006	-3.79089221626883	-1.57584323992044	3.38387241660999	0.903955421677927	1.90546369966217	-3.85767460795411	6.6399649798659	0.344912745882444	3.75808548200101	-0.89187913116911	2.66464560692792	1.92664155934936	6.60011950062704	3.36160575604597	-1.53013199528815	0.929964446695604	-3.29724995310877	-2.16334867675943	1.83128963633348
eIF4E.R.V_GBL9026214	5.41716386218798	1.13188515586335	-0.878473881830962	1.57437515631944	-5.67420354558885	-2.55175242598973	-4.64765746865991	0.205360131372326	5.8354427781011	0.969970925305094	6.51900535368921	0.290577120810003	-2.28153710999307	0.21472284963606	0.915413900717759	-2.00625171812157	-1.2473349559124	1.79458707348859	-4.80245598900095	-3.38710377241567	0.378972216526934	-2.21466006624444	-5.6061382112811	-0.535466376816949	4.61815443566627	-0.525184776074871	-3.4014287059802	1.22852007912633	-4.45565947562891	0.0990427197264201
ER.alpha.R.V_GBL9026215	-0.667264784124341	-1.57004608464343	1.74516004609393	0.48003386225184	5.35159977203295	-2.95767764468518	-0.596942706440102	-3.50244511094447	-1.69691911196642	2.92235551310784	3.52554605412363	1.33758772849494	-1.87489628445475	1.56065496842716	-0.085897109940394	0.760800868335422	2.9488961677001	0.966180258476316	-3.87895336273752	-1.71733122672102	-0.622682321826057	-2.12006006484566	0.562784869326352	3.32008046827202	-7.49797670129959	-1.4817897227176	4.09589967724734	-4.53086210887771	0.704537825118183	-3.68659805555031
ER.alpha_pS118.R.V_GBL9026217	1.0335087648146	3.85469251743529	1.8915564873438	1.12341719647631	0.162561641310729	1.22484122714253	1.79950226736549	-2.46005103393948	3.09651593537042	3.07252905151523	3.97818593737552	7.94597158308156	-2.59948495316908	-3.30219178951257	-0.835591121422248	-0.399427883221326	0.723507115965285	-8.88079646739918	2.38118654804512	1.38510116924186	0.971367929186674	0.102123109924611	3.87241987235278	1.65359468166167	-4.19570010343059	-0.802637111030282	-1.97326504678577	1.09508683705209	5.03429537430517	1.44515873049976
ERCC1.M.C_GBL9026309	7.41365469198798	-0.138429459498751	0.349431115636097	2.11287188408582	-1.09875939783027	-2.11351418889497	-2.09357398757279	-4.87353822505909	-3.06989882692906	-1.83700317697636	4.72923362815755	2.0869378175083	2.68705916211523	-1.77856367992762	9.6315541217972	-5.04304168875833	-6.06455388381783	-2.71051245657792	6.35288850556608	0.0528610959919601	0.490724883572862	-1.0606291884573	-5.36857246005153	5.9894288904965	0.765513701010509	-0.785409312744077	3.26327404656536	4.17971882903831	2.1274387017991	-9.1567315844118
FAK.R.C_GBL9026218	-3.73341814286785	-0.410289689210454	-0.807723388999659	2.41471524104692	-4.58758573248304	-2.01293939693379	-1.31888555375249	-5.62405230135697	0.33594156108856	-0.83953182404412	-0.111232771285184	-2.75912712734059	-3.1076187107303	-3.95677619343407	-1.13485429556463	-8.95769544732623	-1.38307008907617	-4.5001713129687	2.02595618849235	-2.06707870265796	-1.17765467861235	1.48956279333853	-0.807962612391644	2.94435754343372	0.259909107949886	0.664187446445272	-3.23167658819612	1.67865795918797	-5.44875548066768	0.34897374444908
Fibronectin.R.C_GBL9026216	-5.40262639110983	1.06739307982027	5.33483736231187	7.63356487020272	-0.433839201856467	-5.38275023955955	5.85080518772968	4.22380065179203	3.26255075875339	-0.799858288905701	1.62278341927175	-1.14531586266337	4.09951472030845	5.68134216542219	-0.978722636374953	0.358846138192652	0.9910439489289	-0.865410869389182	0.144503730129869	-3.23930271253661	1.65010011034719	2.60767663612078	1.68230404918616	-2.02025905477953	2.87364408799026	-0.443202822746992	-2.53889090191264	0.847058400284357	1.69106348438561	6.20619573522202
FOXO3a.R.C_GBL9026219	1.92532687513885	0.452711741485688	-4.34327709833213	-4.40017905606271	0.306665324379003	-1.63024978187306	3.30625144199759	-1.04189344108977	0.160168741809371	2.1627587420084	-0.602111178674794	-3.07813394132152	-0.79654969468633	1.29729934906236	-2.6408972050336	0.305365255595079	-0.0637191577212391	-0.0642914064309827	0.844617967886372	2.79736951733966	0.624422950238327	-0.434559083296824	2.48160103860801	5.16506696242232	-2.79647263641578	-4.47080738148895	8.31510496054635	-1.01115121566855	-5.51818237267806	-3.96211581816974
FOXO3a_pS318_S321.R.C_GBL9026220	2.55934316526076	-1.97618824808598	-1.81491627421179	-1.36063597780715	0.704629629361068	2.18294509897056	2.07099233652806	-0.39492240594448	1.21771080195286	0.959201228295323	0.0818877166692379	-3.95251054069565	-0.206933396649382	0.387699120049672	-0.0525079597182879	3.72250103995122	-1.5174644840469	2.16613256335089	-1.95886049713859	-5.58983346008964	4.12647643660776	-1.89368428171553	-2.77919295503366	0.244985289478144	4.1976432292531	2.8028333504189	-5.37985017026218	-0.791712272119297	1.00012844248772	-2.58631231879987
GATA3.M.V_GBL9026310	0.269690231365472	5.34554586576513	1.06973461968278	-4.44847682683899	-3.15609399115056	2.35459081611998	0.671377102902348	-1.2703462381549	-0.831695112324876	-1.45713064534572	-0.50738534414734	-0.591196792430463	4.64851533247078	-4.7663408862578	-4.18545157619737	-4.45050560183984	-0.357318050762062	4.15000871054714	-0.981312532583408	2.45958174837654	3.22706253944565	-1.26712949804407	-6.63015232894311	-0.869807405106002	0.215183558882278	3.41305909038123	-3.81231611580424	-3.71616941094118	-6.84409746295256	4.54063507910277
GSK3.alpha.beta.M.V_GBL9026312	1.63697161083524	-0.839370380420185	-0.952233568759056	-0.835771424702521	-6.42686436313337	-0.691033706610071	-6.08120127146491	2.56109505292038	-2.40564938606654	-2.37914895665223	2.88428562298545	-2.47656999475342	-6.48542151296871	2.7291826967659	1.79171616253673	1.24822894660432	-0.255615486584504	7.02815072423755	5.82440661239491	2.88356538516224	-0.186242019779605	-5.00024558857893	-0.272559229743219	5.0185129876058	-0.857052041156067	1.11874078871846	-1.20261818600845	0.546143660184129	0.0853278949405911	-8.65618071048873
GSK3.alpha.beta_pS21_S9.R.V_GBL9026222	-2.9519363741616	-4.85188780746	-4.03878966447226	2.57877949557826	-0.221294343745959	1.18955910187141	-5.10537650733461	1.82809845839942	0.7365579948714	0.500522069747932	-5.95346045051966	-4.47961279139343	0.742105553631947	1.91168220669767	2.10054230003452	-1.87653642636361	6.28145638189243	1.27541234176957	-1.98424799013811	2.78424884489674	-1.86810494605164	-3.268943163224	-3.49796547905589	0.93245165570621	0.90335808400795	1.57349646832934	2.52528422258454	3.99214323294136	0.676100029999547	0.774853988961678
GSK3_pS9.R.V_GBL9026221	2.93623903364156	-0.617928332551679	-1.5325677060907	3.3079009987157	-8.27066806134117	3.14137527620999	-9.28509972366706	3.52222883618046	-2.79394768738603	-1.94469590245793	-0.317371952458946	3.00437542615416	-1.77674910323226	-1.357538980799	2.68018434601045	2.40758620981316	-4.70884197895207	1.47200740595113	1.83910839911181	4.57525824801619	0.00125122853271581	0.481907489968802	-5.61749278685801	-4.93499723283997	0.52170031201416	-2.32393011869617	-3.59632769386096	-2.07998576622033	-2.40361465810119	-0.920182961815488
HER2.M.V_GBL9026313	-5.04568475925813	-1.18897675035426	3.73890544196388	1.57124664108093	1.60778953503799	-3.02242233128839	3.68266673440063	0.903409229822136	4.09830963896844	1.75431248066251	-0.190100857294475	-1.1700874802787	1.70374357177768	-2.85722870165361	-3.5581352948405	6.71387913359881	4.19863312472732	4.49979472422438	2.53930387919935	-0.821737509543709	-1.12201168983386	1.36577755389988	-2.25415318775922	-4.28549024790336	-6.17496117192113	-4.05762248250502	-0.8508333710525	2.51828816368944	-0.802875175470572	-0.869020917535227
HER2_pY1248.R.V_GBL9026223	4.37003498721434	-1.8179571380927	-4.64040244548111	2.33639924378928	3.03713589533318	1.10754140676201	-1.76529904938273	-4.38102665617845	-4.12251348138018	2.32263236794542	0.924418583009593	-6.29960699475616	2.82354695410615	1.53769792581483	2.81545227305753	4.20206652291147	5.78884442436429	-4.74472691601675	0.17556459444841	-1.9461708516659	-4.50243024192853	-0.482653350825739	0.277559654771516	-1.99236513675342	-0.29853164476758	-0.528732705631717	4.07648969692871	1.48347899316762	-3.17966816851433	2.39915421419181
HER3.R.V_GBL9026224	3.46520836835701	-4.22263984723255	2.38758170640675	-3.24409590231784	1.94684955548698	-0.242589242816622	-5.63448414277006	6.14088550198298	-2.57335912390434	-0.865305057536276	1.50850364112687	-3.20666159912836	2.5227280028294	0.826081671868654	3.89318720933297	-3.07272607065068	4.31262688075516	2.56960138668898	5.19782178889982	-4.79929118028688	5.48415607720101	-4.77312507599215	-4.09354465284806	1.81924384449758	-1.07187066552328	2.87336538583057	1.9547057857718	4.82319686417749	1.30307473623215	6.47034447467812
HER3_pY1298.R.C_GBL9026225	-4.1967136244148	2.6234536345475	-1.46243287926771	4.19593294584037	4.3923275982085	3.21459660902133	-4.87774847391664	-0.0223481975133309	2.84645546230896	-2.79893396608493	-5.23090018144278	0.584114607643825	-0.400034488690711	-2.31183568184082	0.931783505579103	1.37626375109388	3.28033137749181	1.67368573487076	-0.152467139335428	-8.46960423806385	0.389101785138086	-1.06920297859378	1.19102656281059	5.37648868257475	4.61626983974466	-1.0027034556283	8.82401769693258	-0.0322163174418976	-2.86778396724648	1.48581734371989
IGF.1R.beta.R.C_GBL9026226	-1.58354929148231	0.797227940968489	-1.11596187044376	-5.26075553662064	-0.207660692080994	1.0590656688786	3.066890211497	3.77241626484794	-3.58239282574691	2.563253421896	-1.86705254094038	-2.30017433286761	6.83117774522429	4.15298082083438	0.361146058783682	0.223794947666573	2.25013066329022	4.29407863418594	0.236695731312177	-1.22248524456374	3.44485059652158	0.375427721674335	3.39319139881291	-5.55387324786037	-1.28592715502241	4.24406255387423	-2.80841004065008	1.66484814190857	-1.71980131770354	2.79474204741735
IGFBP2.R.V_GBL9026227	-2.49434936981138	3.07136512925612	-2.11102537294415	0.41916772747179	-1.22754913978381	5.76561627264842	4.38310415172743	-2.32351910999868	-1.78483674320023	0.028228938047532	-3.08263497339735	-0.658309148727901	0.467795304761343	3.02513181058418	0.276843035043083	-1.89978079837124	3.50195091096576	-5.14002100759439	0.451430847880671	4.16276374289751	3.58343922002829	2.46182731453621	3.18034844020689	-0.414377977380338	-1.89818430044228	5.34566357887703	2.99608730325494	0.248071728526523	3.20712412657375	-4.4145283143357
INPP4B.G.C_GBL9026331	-2.40659255176454	-1.78430639490589	-2.26436348011931	1.10389148635246	2.59938456429408	-0.724003366729698	1.25807294281321	-2.47230851539221	-3.13487486429004	-1.26574300148235	-2.48437369486677	3.91760966935576	3.2963039171733	-0.708283994019878	4.37359362658451	-3.88471531894693	-0.698887624178699	3.74530524460446	-0.832401552412972	5.78536584365166	-3.60274767435658	5.73349902735124	-4.63885996939359	2.15259721306059	1.05996206409474	-4.4559036712988	1.73637389848127	-0.109264754611541	-2.32394119007814	0.455967395187237
IRS1.R.V_GBL9026228	3.73190867707437	0.723963180502639	-2.43576614643654	-3.0599291401267	4.76752311900977	1.7174853337831	-7.12962103782213	4.14065281635349	-1.27983599113998	6.75842880587355	-4.60344398288329	0.510634372243279	2.49706527615061	-1.56515109286281	-0.70319260845932	-0.0953019440727295	5.04290202691278	-2.97500947280248	-0.031270122298593	5.60659273470109	2.8849687859084	2.80580044635012	-0.335470174192637	-4.49899709134832	-2.00843437342876	-5.26930967711154	-1.53145879143145	-6.36967050182122	1.1554174290462	2.93605051312736
JNK_pT183_pT185.R.V_GBL9026343	1.52529482015349	-1.10836521037884	0.680710422442193	-0.923977278680117	0.586305200359182	-0.451522881645101	3.95135155639557	-5.1752343209862	3.18724662301957	-0.226511848835433	2.13978160282569	-0.951017104142544	-1.70578237145355	3.51307023762112	-0.0308014921973216	0.265985406699926	6.08507389276916	-2.65388127804579	1.02754719272404	0.0221465745084886	-4.07221135198734	-1.91116359718808	-4.93497652301161	1.36909400070532	-0.942232811945645	4.36972536352542	-3.38638261670807	-0.512863797970189	-2.57614510157606	-0.774044234912668
JNK2.R.C_GBL9026230	0.891528858323193	-4.39854212326352	0.114482190079113	-4.94511546829811	-7.73691690124838	0.223066893132369	2.14245698662603	-0.94053264036578	0.371386519002859	-2.85670994170048	3.63204021615566	-4.03616271041521	-2.11683812368173	-3.32701517509897	0.920765338556429	2.38448578217423	-8.8655598692432	-1.08470441432462	0.392792234371893	0.866116509408798	-3.48112791966041	1.9387644655119	2.14123238232163	-2.00725123955036	4.46821564830753	-0.872372008669442	-0.160607588591581	-2.50594766438077	1.71957247202148	1.22265128948588
K.Ras.M.C_GBL9026322	-5.5970516847402	0.105576044543256	1.99083120332688	1.1292248400099	0.195476666188341	-0.616482275398648	6.4302832821163	3.93291482733462	-6.08765903038478	2.28723223974747	4.62789273393799	4.24624802045051	3.43405301292799	-0.0856140503025274	6.58202803083707	-1.30605929114907	-0.629572180880534	1.22368358669268	0.814405552479182	2.0119092371596	-3.1373112823175	7.46009399996181	-2.63505996762613	-4.84947161322569	0.169789175985061	-1.31403329937927	-0.461948307242747	0.478431217437367	0.865618269996215	2.46653536111336
MAPK_pT202_Y204.R.V_GBL9026233	1.66828018736295	1.25507617506563	1.91916920425921	-6.38513948172785	-2.05247139881811	3.66772041297517	-1.15288642088116	1.50238019791305	-0.696361975960157	1.80052492322683	-2.15303995676635	1.55640311868817	-3.43167107471237	0.288443725918834	-1.05343529345997	1.35818822872634	3.97401357558996	-1.5523557463814	-4.83017921344188	-5.17006795560126	1.53608525531551	0.611875715591973	1.07867668225623	1.79769803384424	0.23002184671181	-4.53734721227009	-8.06181663610662	1.63953963838409	4.75580209836473	-2.29447973611109
MEK1.R.V_GBL9026234	-3.15325801097622	-4.16731044549801	-2.91248521047767	-1.40453426822049	-0.698056390848388	2.5508246419259	2.79113330197939	-2.40194940687935	4.99209223192279	4.6879496166952	4.22561882075542	-1.49317504767334	-1.98750817521303	-6.00061073590434	4.48146566095941	4.85639922257487	7.05933445940027	1.037192032439	-0.749630070178295	-0.274589597362879	0.688451194470824	4.75508730453759	5.5020941391362	-0.507470941067386	0.479584266071605	1.64608602570606	-1.38933000501454	-0.695733053895216	-0.0405968920550951	2.93794898319745
MEK1_pS217_S221.R.V_GBL9026345	-3.03541411273712	2.27913457379038	-2.46086543489157	0.248871423482614	2.88120931106514	3.98743583177106	-3.41456278434187	-0.592505469388989	-1.00717083408816	4.85045903147087	-3.79976044622252	3.36910509626385	-5.47055698135439	-6.18240713053118	-3.6076172716577	2.92953176961194	-5.10881247357642	0.0460609541786805	0.249485225660573	4.05597738215205	-3.11389013187272	4.94375761519761	-3.28146975002905	0.585032917469493	1.54869285582161	2.84958335750772	0.22956434009392	1.66363585689223	1.13749079864373	0.00158568390225464
MIG.6.M.V_GBL9026315	-1.72026042044801	0.961538800360168	-3.99790581067109	-4.83051651710479	3.19542771409243	-3.15227234438885	-6.26493946767278	-2.68376195567113	2.42210147451239	-3.28819630405776	-0.291175957380084	1.76446732253797	-0.978329530227949	-1.01657668145908	-4.32595360797285	-1.80931690398439	-0.310272361969038	1.35833418211804	-1.10377449770303	-4.95763195955486	-3.7292457817746	-5.56001747254671	-3.95421252117767	1.59119730980726	3.56026949204216	2.78923319063967	0.811112186594211	1.70952676235843	-1.45548592215788	-0.548838846977872
Mre11.R.C_GBL9026237	-1.59179235701013	0.792131167233428	4.46591168073482	2.4079777492663	0.497776398967252	1.44491866291662	-1.7177613108743	-4.26485105727668	1.5754573430425	4.23220317286904	-0.511804050168883	0.868665532547709	2.08342034666516	-5.0536482418206	-4.76240165055324	-0.723400440104635	-3.65714383990009	1.78683495065621	2.0763478749596	2.63263833511698	3.68111277957062	-2.00869300160736	-0.757120504509166	2.02128500643466	-0.262464706206598	0.026436538554773	3.60200534640838	2.83572313877609	1.56932565500299	1.03012859897807
MSH2.M.C_GBL9026316	-5.7644434392618	1.97501673473653	-4.58748628504384	-0.735590437734444	0.0135965781874812	-2.84847316467951	-2.82262110573273	1.18817463779347	-0.222285365078249	-0.682747807548597	-3.3963931018718	-1.18298948948587	1.47871984585243	-0.789578354371213	-0.419522977766335	3.34224843092903	3.18334122604975	-5.79986342891808	2.97287434888812	5.26607622996446	5.16147918207634	-1.32251011490068	-0.590228503807981	-2.52820620335018	-1.67296637076897	-2.11304038561326	-3.45229415416821	-0.818466857953099	-0.679682689669199	-3.94847883854384
MSH6.R.C_GBL9026238	4.00605527821774	0.501173954102637	0.304236615821494	1.6152643383751	-3.88869636287236	-0.403185766548139	0.452251887183252	0.516033092845205	-3.25998512761051	0.378686530939382	1.17524820702549	2.42811855533686	-1.54040358714071	2.70445685155005	8.11770807051835	6.52820323065343	-3.01431661543953	-5.18379174285405	3.15237889286061	5.4525634278969	-3.50603730971619	-6.0729021902108	3.19252668813037	1.46155399658143	5.53191296539808	-1.13852304359384	4.64499122598802	-4.38206471405028	3.31339692672966	-0.552849163083384
mTOR.R.V_GBL9026239	3.77493748707388	4.06116017097641	-7.0577610604472	2.53518369350534	-2.71058461099987	1.36005677521403	1.03917065784792	1.31333692356383	2.0475780069619	3.76053870440644	-1.88772268187386	1.02741478499537	-0.805228452689718	-3.08353643199724	-4.91180740135018	2.61315444301949	-2.75171377462874	-3.59886721979081	2.27833537615848	-2.56909926375518	3.84315062583793	1.08860589878953	2.75160094368616	-2.83210258530354	4.39754919964635	-5.0720961075736	3.52783870722602	2.48088960055253	-3.07793092283948	3.89948306336707
mTOR_.pS2448.R.C_GBL9026240	-2.56955980400162	-3.44616728658145	1.02348945869602	-0.656789242730193	0.311766898616147	-4.66948666370035	-3.53458947477263	0.754108715856776	-5.0940112203996	-5.77102529105152	-3.17265714932366	-3.52684499983089	4.37006580402901	0.200882980837881	-0.252053841338188	0.798921171340016	-2.70042008998497	-1.27852494412482	-3.42625974061132	0.357162323025597	2.62484552520841	-0.876955808138672	-0.169263762533214	1.91840085850209	-2.79499852040798	-0.223171409338048	2.90003011023221	1.20568060382686	5.76218546890913	-4.46483830568657
N.Cadherin.R.V_GBL9026341	-2.88396652302426	-3.74353594024327	0.926039689381965	0.0696302577130355	-2.0540251391763	-1.63779065711169	-5.46366474492073	-4.78167721070408	6.22343419039802	-1.77473424212854	0.863548257540767	-4.03568560624326	1.17816536437907	6.46921422227672	-5.92604921660711	-1.55550716574206	-7.34401043322853	3.9157648738876	0.782814101323064	2.82056710256095	3.055167841081	-1.3923197941948	1.90604702111071	1.54626588364612	1.69521116951876	2.84893530293654	-1.15165968185011	4.17833979363784	0.365372072181017	-1.57772439177398
NF.kB.p65_pS536.R.C_GBL9026242	9.06529234847656	1.63296748594266	-0.373902452423475	4.86278913815246	0.0715696362246959	-1.05028648766143	0.034460201691048	-1.00404565272948	-2.06095200234603	2.6528799662581	-0.243738609651004	-2.60807368145435	2.94773249368658	-1.03923746073943	-2.0414007129493	1.40936187458018	0.666593331262065	-0.808040561268198	-0.86581945579381	-1.61404068668476	4.6672808831287	-5.76046820509403	2.4293408814683	-0.760585172793381	1.23091135259678	-1.14434357811397	-3.4426055541994	3.3954416753929	9.83525227210978	1.49896782366695
NF2.R.C_GBL9026243	-2.45520182157135	-2.00821221743593	-5.09181496793377	-7.38751268139693	0.570812607824674	-3.55281581526647	2.57343295199904	-0.464967185979799	3.8512914581199	-1.71844080947578	-1.37474898309221	5.29057303694909	4.43564406214386	0.2264642801473	-0.276980681240306	1.80740593228638	7.73424764254634	3.03723880161843	0.725152815379271	-5.29328954670146	-1.70313998742829	2.46474584557182	-0.675446658337059	0.102270162003684	-1.94156603352461	-9.04765459439782	-3.6527270088459	-3.02686845384411	0.566538021239071	-1.39048503572049
Notch1.R.V_GBL9026244	6.0989228023677	-3.68684510554588	-1.95686565955719	-2.94925140980843	-2.32290483538076	1.44693621162436	-2.11978533668088	2.37301653376999	1.96962452591763	2.63264467703784	3.19597431202209	4.96162228993234	2.28641603345952	4.82757479373325	-0.837260696524394	7.28645060143041	3.88095198981485	2.64093321847868	1.31906257988875	-3.02931134670231	-0.653318066077854	-1.21060615924234	1.66412747149661	1.04841642183979	1.84476272679759	-0.029302175370995	1.84595838037154	-2.05613816125664	-0.277674108151302	-0.237502540983743
Notch3.R.C_GBL9026246	5.78597998017768	1.18867921332122	1.91322983525285	-1.24110014205484	-2.06269899749535	-6.4869958801942	-1.11788404969215	1.69108224549963	-3.06147302361017	-3.51847412186824	-2.39435060858909	3.39485869090209	-0.696941491582974	-3.19463072844496	-2.44892747812388	-1.52813283650951	-4.62453965303164	3.13279578616765	-2.88682831959621	1.56697943809941	1.10643563461641	3.82745676333672	4.73716188338112	-4.58835981342447	3.42387575599312	0.464810568740344	1.54766484880438	1.66418953550805	5.52840592277323	0.962792946570097
P.Cadherin.R.C_GBL9026342	-0.580055126827365	0.307888021273031	-4.00569147370992	-7.45495293433201	0.714827648219737	-5.3396240263575	2.91575995662183	-0.864980290873029	0.920598999250351	3.99976061901854	1.08693532252514	-1.48611830338598	-0.839572261866775	2.06392323427448	-4.63823396480069	-1.39199475931805	1.93771054238282	1.27327986224963	-1.18736492926501	0.957094387056189	0.328526625268373	-1.20312360355202	1.89102809323526	0.589475473443402	-1.27011178903068	3.27705852029222	6.35627999857095	2.56533548261708	1.17553077285668	0.754735442556669
p21.R.C_GBL9026247	-4.55727491895083	-1.02368869538444	1.19428110061749	5.60083413986908	1.11245271739134	-2.32810461132884	-0.227452581232945	1.5862841816162	-0.627258893717021	-2.28436426955595	6.15192189073619	-1.72412834695745	-4.21648482278592	3.51116673012381	2.08724941325218	-0.00657104533724864	-1.79189591231069	2.61404894031008	-2.45688385474381	-0.0867971406189725	2.14275233978541	-2.315930077864	-1.67802066268173	-0.0934027077570574	2.28296052662947	-1.71359409071607	-3.17395773104889	0.616502117239802	4.98196799466087	-7.78588162439879
p27.R.V_GBL9026248	3.74989823399628	3.19357979368098	2.88819137222066	0.284450556372743	3.54648745702556	0.488398781732616	-3.70027639704161	-1.31526271977504	-4.07203503890413	-5.70478973221371	1.32580874388862	-2.33241338595061	2.39910159777587	2.12176637246698	-0.288187319413689	-6.39178660780807	-1.8761478988222	6.17226718596628	2.17755617377678	-0.00171669481162838	1.58009005555412	-1.49047105079672	-3.04083946189716	-7.44857306808521	-0.922968028562472	-6.93311506629356	-0.465037972373435	0.909202781695027	-3.14936141070475	2.56676226316953
p27_pT157.R.C_GBL9026249	-2.67247217170461	1.2002538749008	0.212203087704867	-7.53095444140186	2.46342058642496	5.89714601075854	-2.45499370924849	2.73946741921044	0.0623630927348897	-1.37080294717263	1.69502934073132	-2.11826946446272	-1.11037519241646	-1.4675262463511	-0.33965249544179	-0.0318527023693148	0.933873803360096	3.76857137537984	-1.7145538711241	-0.540344939521782	-3.1827093163048	-0.771756370434111	5.00104552714576	1.78539080395749	7.4403617096454	1.34638841073946	-3.03322710496917	-6.91252438838607	2.8470056931423	6.49893598545203
p27_pT198.R.V_GBL9026250	2.34637148479799	2.36322032279511	0.381633630498194	-5.1652436805648	-0.960957337138743	1.19862161654593	3.91391750095723	4.10323526292515	-4.79085162410618	1.96525152255537	-3.9995252857718	0.557197743636642	2.24291751762753	-1.05331651483656	0.928899175843918	0.784067132806455	0.0734254814318495	-1.02284418488181	-2.8056409374591	3.3506378042103	1.56036863845486	1.91909092810377	-1.74893176441888	0.00167651470623936	-2.37873502536934	-0.174592893190754	-4.63222148556733	-2.12250126570797	-4.86576589092754	-3.39824170046958
p38_MAPK.R.C_GBL9026251	-2.98154702706023	0.601041667251531	-1.36236198234105	2.15433699355607	3.52152969346672	7.89353242367234	0.0313005500372121	0.240511106676635	5.63039445841494	1.06100433402807	7.24500779346883	0.866074589687638	-1.48715264225582	2.15088377553758	1.10413360267443	0.635643255251637	-3.69765440612554	-0.53276840585183	-5.46402725540389	-0.898729966404668	3.41050929359588	-3.51968143763169	-2.26932402240206	-2.86011620748671	1.912384164738	-5.07500679711985	-0.800042984712735	-2.10177474326957	-3.11240626046335	-1.77296417569918
p38_pT180_Y182.R.V_GBL9026252	1.64002477709073	1.03890376758693	6.42278538580521	-1.05672310997012	-0.548021027791654	6.11741505988585	0.98406188617331	-0.787157337225615	-1.17020404310311	-5.77767055228019	6.87787200580671	3.91048404393809	8.40941930457745	5.0567088535638	-2.56719814525461	-4.3037144947043	-1.02757563960635	0.441300354174438	-2.11374946481159	4.61139399580266	-1.89544689327839	7.94362812750791	-0.912961878950925	-0.200068891117928	-0.672833330015171	1.07310859188952	-3.28617073428709	-6.885989986885	-1.85159559848193	0.302857667801247
p53.R.V_GBL9026346	-2.40497265873519	3.10079379268739	-0.570312163287742	4.23299112824038	0.732147534592922	-3.30615027016124	-1.91908441247452	4.37863353487074	-0.614906494142132	2.30278294240919	-0.736709395861399	-0.751957656623355	-1.19646419753122	-0.101913522900293	-1.30500965108367	0.621973091359753	0.480491741772007	-3.45642401280662	-2.00628721286979	4.24938302201016	-1.52992321099138	-1.03514800771426	-0.444729050012501	3.78137648804783	3.53367648635016	2.71532453696335	-3.80083708594792	-0.921575233937937	-1.53098183893151	6.67472177497188
p70S6K.R.V_GBL9026254	0.36443471789943	-0.571557256599677	-0.543233942256199	4.53122541470191	-3.58100766475718	0.728753112562844	2.99165661017244	-3.30434397570991	-2.17936528878437	-2.1735609325788	6.06684983208984	-0.142823972225872	2.26795532759858	2.8906856549609	1.92461680033347	4.63739835815353	1.66278760545349	-6.28527207251836	1.67386660533802	5.10499246212604	2.36438342576984	2.45407100330323	-1.74464207064124	3.10005374646805	-5.91780964726222	3.20377337524983	1.21147636982438	3.52498341398027	1.39520470635314	7.73572938049466
p70S6K_pT389.R.V_GBL9026255	-2.78036085081047	1.18069847985768	1.44113549680064	-3.54659858886292	-3.23500236571017	1.81401120737104	-4.24560990263733	-0.591575591145492	0.903741494914133	-1.7372061621796	-4.29736230828453	4.82939631681083	1.27473111995332	-0.0348017399323366	1.02894804490969	-2.23214393412903	0.0523515847841904	0.922276889674237	2.17395389654273	-3.56772528735487	2.64515631942392	0.682605862005084	4.30124056930044	0.369680604958567	-0.761645470924036	6.20950796618694	-5.5766337387831	4.59531857649687	-6.4823418940606	6.88297818861193
p90RSK_pT359_S363.R.C_GBL9026256	1.33830021532005	3.2184052494838	5.39156540346458	3.2690399880455	2.06192881783879	4.45290517873352	-1.37782307613443	0.732633911749308	3.19111467023038	0.019325918917371	0.980213907914596	4.18923858842657	2.53069058954971	1.87044370673315	-1.25714606853702	-0.193319886478436	-0.743886337509217	0.729868391545304	2.01024096911962	1.9569698296445	0.170801918658937	-6.06088904712151	6.00302275735835	-0.296103761088753	-2.23131055418883	5.13674641357683	3.927237158309	0.090503671615225	1.66168978556737	-8.02328186120505
PARP_cleaved.M.C_GBL9026317	0	0	0	0	0	0	0	0	0	0	0	0	0	0	0	0	0	0	0	0	0	0	0	0	0	0	0	0	0	0
Paxillin.R.V_GBL9026257	-5.02313812836356	1.08938042622597	1.82141704684338	-3.95092122913152	1.75549724347507	-0.958800931692948	-2.28749144946397	6.70694078679284	1.99362099063873	4.81516470352778	1.42903080716888	0.348939399336654	1.44050306132399	-2.66506552940928	-7.1806625267662	-6.84944127374688	4.60324591071537	-0.729417855113977	-1.86313938293756	0.262666612714269	5.32676199233272	2.2175958399678	-0.517265639582348	-1.79958092962594	-6.75845010359456	-1.2409498784648	-0.580340930394091	-4.11782613269436	-3.47411137453259	-2.37969734159728
PCNA.M.V_GBL9026318	0	0	0	0	0	0	0	0	0	0	0	0	0	0	0	0	0	0	0	0	0	0	0	0	0	0	0	0	0	0
PDK1_pS241.R.V_GBL9026258	-4.49346114802196	2.3338019656293	-0.595709421345539	1.01436662735049	-0.781627363004984	1.87628796116316	-4.28543498636828	0.461355835926545	-4.19117174169455	3.11732322103179	0.326502481058606	9.37252153312057	7.11573467594731	3.61789919560193	0.425559825789022	2.7494488124438	4.83001080153219	1.24215866207049	-3.58855265920122	0.430633880442874	2.5535176579584	-3.90963382104374	-5.93940803288267	4.00408525905396	-4.44150773757867	-2.5398527116319	-3.80426018086716	3.45943585995776	4.83641962271929	3.68282994225929
PI3K.p110.alpha.R.C_GBL9026269	-2.18992445386165	-1.60810281190428	0.13218206540752	-1.49441599605021	-1.81883883799381	-1.84527337303002	4.20283837894998	2.69663401018642	-3.36110611957243	-3.00980747640365	3.65150951088559	-4.75964143670569	-5.43551242426428	6.06553792224991	1.58732771043824	-0.488768077266964	1.20310206774496	-1.40300399896471	6.47934869932642	-0.249561057074622	-1.88451957441577	2.33148114503181	1.50784714990867	-3.42191207512293	1.00587067232394	-0.0930780284362713	1.39620162741945	4.73885007729101	1.92929009648759	-0.236804084260502
PI3K.p85.R.V_GBL9026270	-0.294968575786386	1.33222274226257	-5.68553035748753	3.56994070780705	-4.45471531878538	4.75374839036007	4.17240920640307	6.91674697700932	0.741657246551176	0.0163463066351068	-5.00922653527105	0.988514951863942	5.43772835333144	-1.86096330850775	2.73143121152783	3.47175572381235	4.37368465100272	-3.91901042659696	0.279328010161205	2.99237396524138	2.84462573006459	-1.14837423576912	3.72972259121172	8.77476923710955	-3.13096472790218	2.32611796893016	6.52591244531848	-3.77252464977119	3.84474353254586	0.248310069125857
PKC.alpha.M.V_GBL9026319	-3.54285372151198	2.46671001507398	-1.12529296737886	-2.63336718553938	5.01678795644993	1.2962903664592	-0.402304573531665	-1.86457553996039	-4.07268673724967	4.23519248157582	4.13898336034724	0.269929458455419	1.12946886645515	-1.81843871002183	-0.173311502578883	-1.29363107761031	4.08547225280196	-1.90018446323791	-0.140580825753636	2.30378212955151	6.17836357163117	1.19937975167723	2.33226298972	-2.57466081598046	1.57021212650757	0.463986953497144	1.05513144886389	0.747238155000209	-1.32405272679523	-0.365466587129081
PKC.alpha_pS657.R.V_GBL9026271	1.14954214797179	0.992434035118604	2.19428598236224	2.95878283741016	1.67060013776203	-0.211260836000614	1.36576671349903	3.28116842372019	-1.53036296127777	-3.14481005254212	-0.28441433645414	-0.539633249087711	1.03128109421801	0.158050568136957	0.361893577996913	2.51424465473628	-0.459306837990889	0.0503808954654512	2.07422023299769	-4.68842490176231	0.477449796039051	0.923366397887541	7.36659326177436	3.1638871565087	4.96784217165027	2.74034346300493	-1.16695680199867	2.85371645418281	-1.28745923165249	0.883048757170387
PR.R.V_GBL9026272	-5.04154995608739	3.0751614005023	3.48525613676638	4.28714855443881	-2.11166079197945	6.38409906497318	-3.49836484159381	1.48021613415771	-1.68276788047888	-2.6302042594819	7.1359093227792	2.98912345148132	-2.80053217339188	0.99460683629817	5.79656214451246	0.736866303691043	1.864697081175	0.29273532114394	6.7729947235667	-0.351648085668691	3.86929732873135	-2.93990238480207	3.00698638351085	-1.74745014351094	-1.81972396542752	-1.26577206625251	-0.80368169485532	-3.23157104357874	-0.723078640579949	5.1257275062009
PRAS40_pT246.R.V_GBL9026273	1.46361186259659	-0.692790619569049	0.0126603407843112	0.976047519570193	-0.838522311327402	-2.10357317486344	-0.0865839631875054	0.066250786706276	-2.62175898866427	-1.57363743761841	-0.264181636741826	-3.51602609424151	1.29952286723436	2.05551196256682	5.99793898750544	0.3586267815381	2.45572174878563	6.20235245949618	1.25998932222421	-3.1600453837334	2.33570731805808	6.05939515120372	-0.771062956488812	-1.12745690943858	-0.0463314403051819	3.98405182327688	-0.593183955468252	-1.2756333528405	1.06956338438409	0.953210816630828
PTCH.R.C_GBL9026274	-0.630596212141502	-2.90999688596149	-0.348885005971347	-0.60027275578455	-1.77897823305722	-1.00937143582483	-0.736474053120596	0.833929827072967	-5.11768049086395	0.930012088865823	-2.27253849063198	0.160236508328686	-5.91088076204379	1.25747126773111	-0.196226940278165	-3.61661113856691	-5.71558715931249	2.08674319003415	-2.34380870831347	-0.864254528172951	2.09803183021434	-5.20269583326553	-3.59712943916726	3.82549938925714	-2.13773134258651	0.442194703698502	3.32413994494942	-0.688079299470632	3.09762088680973	2.90740787800777
PTEN.R.V_GBL9026275	-4.32521538671884	-1.08671541874416	-4.78904238445713	-1.67739633900727	-2.33551535460083	0.910401836990723	-1.81358073438941	3.53797242330664	1.66288712803819	0.769869695796772	4.86561616479738	0.070762557009814	-4.38601012612136	0.320365104914788	-2.52638788680322	1.01617065019375	0.862713472063198	-3.15084679538211	0.167989815403455	-4.27835625745981	-3.85050245935393	-2.57376339724791	-4.15937654880332	-1.17696377179439	-1.36913898594997	6.69199495121744	3.78034903344424	4.29338362842072	-3.42093958000301	3.90873805269292
Rab11.R.V_GBL9026276	1.23802164172614	-4.25036461791787	3.4977057135887	-3.29932410097627	3.9901120977955	-0.675132918966468	0.321922805590434	0.594077926004435	0.230437347639239	-1.2588753391593	0.96242837310687	6.3737473474106	3.49651623387085	3.45140160386735	-5.8590773446304	-0.159739682385455	-3.47721726303803	6.30318665513521	0.462613924209427	-3.78593068838724	-3.06959478550079	3.45151482387209	4.07236032062533	-3.52773009004363	4.05374342933216	4.50223334398024	0.391541589491755	0.509997704872059	-0.13177193631926	-1.83406415225897
Rab25.R.C_GBL9026277	-1.72080621623434	-1.28488508433289	-0.725675404296202	-4.78901243944252	-1.74458886941641	0.133305891259771	2.12108061643411	-1.44040679229855	-1.3256301173059	-1.19635174435922	1.74451286910819	-1.08777440518858	-2.17040947064127	0.966280711262907	-2.52281746103501	-1.44917370159454	-0.272385411047232	1.63891104757522	-0.599207995385387	-6.35288038461093	-2.89686847763961	8.38285905429489	-2.16750235252975	-2.63299500589446	-3.17663709288358	0.750021029739955	0.598617046070259	3.55907201854775	-5.71282370647374	-5.03437158981232
Rad50.M.C_GBL9026320	-2.67095012865398	1.43109358214003	2.05037333963149	1.80586356817337	-0.858950680128453	7.33512640874258	-1.21369794535568	0.581043362372862	-3.14976108510954	0.708003881127095	-1.28578964233859	-1.43139558537325	-1.02829022539946	0.26277356470644	-1.04232353276894	-4.78717404674897	-1.39413753778191	1.24108281736058	2.10988283977698	-3.13640442473164	-3.84517275221228	1.49258667998189	-1.45781816416053	1.74156393070245	7.85021954187002	3.13443515924331	-0.103191589018816	-0.887124360932726	-3.81883733986708	3.31088527240687
Rad51.M.C_GBL9026321	-0.386254345846624	1.70763236766511	2.33789066101167	1.98428928182218	-2.32685694440163	-3.03837356892473	3.63436684198489	2.1073490418435	-0.974327668806539	-2.70607108569803	-5.2754826154177	-0.633126483770508	-2.26103153793364	-4.69217779265799	-6.83468213667048	1.76563380701498	-2.77704369377794	-1.74212996838375	-2.34886589056953	0.629518007528167	-1.77621145787936	-4.11955861276959	-1.39785447886914	0.559935316955104	-0.691127914734541	-3.6583861680734	2.24079711215477	-2.45073418931586	4.09343046453701	0.93998301040862
Rb.M.V_GBL9026323	4.43825856268721	4.64595140494516	-1.68785593650764	-1.74940409858162	0.94616201881578	0.160593274996701	-3.44944847457717	4.91294539808256	-5.11338551490387	0.71913427844955	-2.96813626873122	-2.33487181634077	6.31373277838557	-6.80433404045126	-4.53449065763998	2.24131546117072	-3.05078816014145	-1.02692264150547	-0.574079973495371	0.747729639856842	2.97154571638143	2.92425340676755	0.424119382783256	-2.49679260658847	-7.10160157709335	2.06824268597735	-0.151956736175829	-4.32442069059321	-0.478075484811971	0.876614982434293
Rb_pS807_S811.R.V_GBL9026280	3.00987143616186	5.41160469896028	5.34289280929947	-2.05437385069105	-1.23079157069734	-5.85898128086078	-0.286016142353913	-6.84716857532049	1.35403117477472	2.25480158332104	4.46926316573565	0.120995249627734	2.75539246116177	-1.28690965644525	-0.519330752254734	2.79889211521663	6.63275436115585	1.06821566845225	1.40076565275754	-3.17812037278567	-7.4140641954009	0.838084168676543	2.80792785662075	-4.99694912834075	3.62672448738562	0.851172048371647	1.43307453413013	3.06040591984362	0.228122737089159	-0.896307376257908
S6_pS235_S236.R.V_GBL9026281	4.19303719741132	8.711900797548	5.35476257565638	-0.366552239816698	-1.72241100005273	6.77360145585039	3.28998600105556	5.47089745974224	-1.67594456073808	-0.938367283556371	0.426717436240151	0.923777571307953	-2.52857044379741	-2.3382943379303	-0.29030578274216	1.88620517001833	1.36581769138652	1.20424104353186	4.25979563762374	2.69502790740999	-0.97333007161447	-1.05950274375204	-2.14734935975292	3.29308737537826	-0.531270321332629	-2.93542717061651	-6.0830285011552	2.17599738584778	-4.08394892467445	-5.83863110469958
S6_pS240_S244.R.V_GBL9026282	-0.321698984310553	1.16495915648987	-3.45339179967757	-2.24941365589803	0.650294737383865	4.36310639280208	5.59927616059169	-7.36368339159845	1.12767323289464	6.37890669674765	2.02118178266848	3.98017746042997	-0.252078989131695	1.87263933070868	0.0996637681470482	-3.03318805503967	2.53173909396648	-0.290597662274707	0.474206296872896	1.93545524103064	-3.31763535010969	3.27954157286335	0.0805636975176711	7.27374519772507	-4.58379768008201	5.26898976717026	-4.92908438830494	-0.376212081118785	0.67331526455427	5.31066281690853
Smac.M.V_GBL9026324	2.23431865146207	0.934014628914559	-3.81374998123322	2.83217993002353	1.49482390015621	-2.18123367316305	-1.29520416315639	-2.25843738840937	-0.526690325822413	1.3717854401898	-0.948405665354186	4.53546476535691	-1.06447499642102	-0.581015704377127	-6.31208152284795	-7.88736946096122	3.11049714272931	4.74911044308968	-3.48363548643695	0.896564002629314	1.1155697695265	7.92716495291882	0.564333786866639	-4.95702841775329	-1.11158482992181	0.377441353669392	-1.43022745105268	0.868926278881479	-3.93719315294513	-1.41238167275286
Smad1.R.V_GBL9026283	0	0	0	0	0	0	0	0	0	0	0	0	0	0	0	0	0	0	0	0	0	0	0	0	0	0	0	0	0	0
Smad3.R.V_GBL9026284	0	0	0	0	0	0	0	0	0	0	0	0	0	0	0	0	0	0	0	0	0	0	0	0	0	0	0	0	0	0
Smad4.M.V_GBL9026325	0	0	0	0	0	0	0	0	0	0	0	0	0	0	0	0	0	0	0	0	0	0	0	0	0	0	0	0	0	0
Snail.M.C_GBL9026326	-0.407502939378272	-4.13763155695567	1.37904280651527	6.42970558246158	1.75079556664579	1.39622730879145	-0.384121636097502	-3.62666538947609	0.53222868693995	-8.80630958904314	-1.40552807398721	-0.759337373440964	-3.51568743598505	0.867633162508994	-0.549179424121009	-1.49272078458017	7.65990418433885	0.805425569240803	0.0365597205613203	-4.1830218865284	-1.57378435582204	2.89716390314024	-7.1619813773594	-2.67798843868997	6.50786306292751	-2.54569531476934	2.51044845530194	-1.62556980367317	-4.94350699433351	-1.10778494705288
Src.M.V_GBL9026327	0.752482768719561	3.82365547764157	-3.7516640369497	-3.48812476598079	1.07289743579211	1.37378097387785	-1.38826099351649	-0.00696538285622407	7.08689214751105	-1.69675650666043	-4.5646507837963	-3.53579808294185	1.71012742773734	1.54644345293915	1.13709588957502	1.91959753584102	1.00544240248028	-3.84042359163484	3.16625455810735	0.219002318828844	-7.46704379230184	1.74959021620792	0.241111744894256	1.44923783301971	-5.23449778676015	2.32334098582779	-0.437956292101518	1.701787942106	2.00003110147717	-2.39198213063774
Src_pY416.R.C_GBL9026285	-0.042648557665729	-3.73727711145678	-6.13883359533395	0.510951505543802	-2.74718392118915	-3.86437285008146	3.22944443768659	6.59036825581766	11.0575239309411	3.88327579086313	-6.65673177520698	-0.408954807066145	-0.773921142957002	-1.45933861769186	-1.00643327664483	2.06771329374235	1.6543758830787	6.99993491643204	0.146397097209203	5.83889248840906	-4.13490328700742	-0.769064349366292	3.81310071968269	-0.418627235877391	8.06660014330796	2.61597785136674	-2.70676805223665	1.79710382315858	-2.80366092533853	3.84531923193338
Src_pY527.R.V_GBL9026286	1.24393422594549	-4.11128549755705	-1.85400975032148	1.9318416273828	0.302814588205048	4.05580839721828	-1.48060640819462	4.13063616798139	-0.468110776466792	2.82312897696839	-0.152163615853473	4.7273820714092	1.06673171061959	1.52493906973462	1.21471743425228	-5.42812583508041	2.29691827142265	1.97534717743818	-0.572171252791372	5.31526018258657	-2.23750795348477	3.7281234044336	-6.98707585967591	-5.03513291030011	1.83355794272017	-0.550794784338218	1.35342821079049	-2.0149171704782	-7.62256607921777	-2.76481931431168
STAT3_pY705.R.V_GBL9026287	-0.772067913380666	-3.43472788014535	1.64276337600668	-0.745227445737515	5.90925051292808	-3.50126244522969	4.07250209908203	1.45013985213917	2.18490213179853	0.0659885585029528	-5.36651744712434	-0.24617467208636	-4.03214607814389	6.2578717286743	-1.78087804993694	1.4689452600022	-3.48465336346248	-0.157932730299852	3.13357523789091	1.72947488158022	-1.84995973831124	-1.32161183049748	-2.45563823033668	0.630507355577775	5.31518375063703	-5.30739673369633	3.54301397004795	9.49890663335582	4.40608252376584	-6.87568624970729
STAT5.alpha.R.V_GBL9026288	-2.92457666966612	2.81931957351183	-7.75616062687041	-4.29744800737908	-3.09862667379192	-0.695245541400492	-2.79089593822304	-4.90196995765383	-3.4156606884433	-6.52879768839289	3.97531094408935	0.553509374096948	-4.76936077753976	1.49447413207865	0.954634102649788	-5.83369485674547	-0.512920026869597	-0.303534843874255	2.96864590948642	4.68553715501934	2.40525589637217	0.182208171088164	-0.0737539157897029	-2.89188546094998	0.646579241937389	-1.06149326139347	-0.642471100160063	-5.07993263617891	0.0256522574842287	0.495313258311235
Stathmin.R.V_GBL9026289	6.43016273455368	-3.36112298143944	-3.42828492959136	4.19587928410609	-0.911953853821355	-2.61114113440164	-1.43214351385132	-5.54779857437047	-0.688662764391303	-0.341246457645147	1.45929168240253	-7.33088919567085	-0.26453035161584	0.541928450816036	0.139373215023735	5.42367354317358	-0.767735673396063	6.91243214354301	6.11726401726509	-5.75002325930394	1.61546928232553	2.38013726688296	1.68321243224546	0.969434347743543	0.551932503355106	2.88865206969752	-0.45451016530159	2.97521702451426	-2.55691676411872	-1.2212413111246
Syk.M.V_GBL9026328	11.0402931180742	2.10419719205772	1.050116999403	-0.932665940654959	1.46946338864706	-1.62079154516986	4.41227097289459	-9.68594193352877	2.14119126334482	-1.04670140548123	-1.3460667106272	0.317564402300502	-0.437971482486001	3.05100960624921	5.61298963868584	1.46250062038003	4.93814207296094	0.401878059971492	-6.87255664566348	-1.08225596020999	-3.12344164070077	-2.72541413247114	-3.72493488966291	-5.0647582759031	0.132972630599529	5.19168907399534	3.11637068633728	-0.905309036268209	-1.01690999317004	3.19917181695313
Tau.M.C_GBL9026329	3.1395053906723	-1.32165758300709	-2.67674992097794	2.98099274449288	8.91153350132947	1.65616757189069	-0.989216663179191	3.26126215098143	-5.21884079500802	-2.87250658164523	-3.12939182844334	0.319506772948365	-0.977389953940356	1.25316939682724	-2.10954057991211	-3.41821652229333	-2.2939485837291	-6.48439659784686	-2.29485360803966	-0.823581828085488	3.88498057216061	-4.20923390301747	0.123229941035263	-0.613952919698412	-7.79536430605939	-1.20124451764103	1.90779020557536	-4.42575303974675	1.69466157710362	0.740676709214721
TAZ_pS89.R.C_GBL9026290	4.45533695041777	-0.478565592061007	-1.32064961605749	-5.39820960496363	1.09996849296782	0.897941499550302	-2.72028280086303	2.9915861183402	-1.59422322471907	-2.13195819405638	-5.99973277755475	-0.119155556977592	3.04089014939761	-6.25334253314889	1.92282482657293	-4.66784102287244	-0.11443830091587	1.07423548797704	4.00540673196116	-0.501954415097189	-2.57361921499606	-1.35046333635941	7.43103917639283	0.130030704980989	2.58540372213423	-3.44014926685744	-1.55870555935165	0.0429394631875037	2.49360561919123	1.9483372054457
TFF1.R.V_GBL9026291	2.37191846156526	-3.72642259996714	-5.49840869247321	-0.487513796386914	1.61553202924881	2.91790119229659	-0.849331333284683	-3.43548794522349	-5.16310409463201	2.09120517678462	-1.50944332955893	-0.464949101244155	2.30369499643938	-2.56220245045747	-1.0621325451721	2.90684872074946	-2.00945002775034	-0.54218389478915	-2.07887715269893	-7.49877963766473	-2.63308331058807	0.0462571049908514	-0.583052055728653	0.950265361722965	-5.67416932744113	-3.30896677032771	3.27474480298117	-1.73742583143652	1.25775009475596	1.60473193723288
TIGAR.R.V_GBL9026292	0	0	0	0	0	0	0	0	0	0	0	0	0	0	0	0	0	0	0	0	0	0	0	0	0	0	0	0	0	0
Tuberin.R.C_GBL9026293	-0.601145237312944	-1.48463378811289	-1.09390788686716	4.11571551781145	4.53639614890555	4.46729315104946	5.8540225770188	-0.260297056239572	-2.13844644367648	2.02588743790648	1.17346029320337	4.10092622996074	-4.65504333745753	-1.07865760521232	6.28959532103834	4.22187609347673	-3.51344470180196	-4.3877645378657	2.13582370145519	5.27905441897519	5.82636267443638	-3.8944666392074	0.973754610096047	1.82842929589576	-4.94475363149878	-2.69691101479377	0.0750033172512268	2.81752373258234	-0.300070382699824	2.97043538559708
VASP.R.C_GBL9026294	2.60897755659446	-2.1776679080365	0.891068093703946	-2.8372328113633	4.44168769071595	-1.17020808408105	0.739571463462461	-3.43045417992826	3.73528483126308	5.20741946418806	-0.0580603106326608	-1.35278785685963	-0.20798733397883	0.396516502321196	3.66057445542396	-2.32025768687533	0.576661841312061	1.24276319782873	-1.0445815335017	-0.210507555969782	0.407690596618536	0.779782055546923	1.72322732759711	-1.72408453738052	4.51890197468989	-0.928206774633017	-3.26304159603943	4.8751529077102	-1.30643612980925	-2.97913628217073
VEGFR2.R.V_GBL9026347	-2.29670861385194	-2.28368811545119	3.45809035004594	-7.69583728793694	-4.20182726456417	1.24742290359785	0.248573802333847	-3.01131002038405	-0.611141115587451	-5.88391039732456	5.15026995340289	-4.30946465639252	-4.23024975881276	-2.11832244778388	1.26526696813381	4.75711680844076	4.15312696099333	-1.16639620673873	-0.55211898935709	-1.68644379551625	-4.39698564361056	-3.81856683074755	0.641871336451261	5.05109414209937	4.83097531019913	0.864072633659782	0.752107211911955	-6.92577040895491	-0.939981166804219	-3.42116074306482
XIAP.R.C_GBL9026296	-0.745359191684307	-1.07581469802929	-0.260225161383589	0.685048447004572	-3.66758499408203	0.975100324348779	-2.0541081470293	-1.15528306169776	3.57956645710091	-1.46607563498461	-3.77039133709301	-3.40609999375481	0.460074179940691	2.34997613047727	1.01041295625822	-11.438249373906	3.19258271639417	-2.00529850147569	-5.37473512938865	-1.78894390060023	-1.1654681225563	-2.06287964713221	5.32780335616854	3.08646454420679	1.99387585766738	3.37545829587094	2.87527687026844	0.884342493060649	0.933306201311919	2.29479757455464
XRCC1.R.C_GBL9026297	0	0	0	0	0	0	0	0	0	0	0	0	0	0	0	0	0	0	0	0	0	0	0	0	0	0	0	0	0	0
YAP.R.V_GBL9026298	6.45577032777854	7.52393483302278	-4.14479241619705	1.60262255016787	-7.10802291795361	3.48162136945046	0.819917756097751	6.41869017386658	1.59002814305097	4.13658387170997	1.01941431155473	-4.01881402900681	1.16676650933425	-3.26795336286881	-4.29381875547809	3.26423727877207	1.67476965220067	-0.779242833768209	-0.479851417415212	-3.61881349799229	-1.44456718030779	3.63281250802858	-0.607840004340467	0.474511354255692	-4.92335383064264	-3.36000418949355	6.69714183753154	2.37354469678149	1.91610995896542	2.10190084072756
YAP_pS127.R.C_GBL9026299	-0.656197558131772	0.589534869333089	0.723098849363041	0.0713114134379914	3.29245956230209	-1.61847096690341	0.438143388735319	-2.54254512763333	-3.81606824075124	-5.31983773268809	-1.45043696197308	-3.58997896586866	0.643560906316504	-3.79064580560735	2.85356630238707	2.05941413999218	-7.37940352947231	4.12878574021373	-1.24725344592963	-3.51395048375019	-1.8240568546514	-0.995667844043712	-1.68562788495179	-0.646585286110618	2.30219218000634	5.04562546242832	-2.74086441669505	1.35731388655661	-2.76391734877441	-1.35929026945301
YB.1.R.V_GBL9026332	4.27678356790559	0.753517296400792	3.34937663354619	-2.48069397574148	5.96095130934466	6.12020824446522	-0.378199304432514	2.07710619549387	-0.278020510282959	-3.33090776775243	-3.73653527796695	0.216543504291523	-1.76026450920234	-4.79995133218791	-1.98311639221033	1.38006373706155	3.72035069813763	5.77807613031205	-0.467670175295981	-0.341567157284879	1.85988033942188	5.75050426445442	-1.43596756524304	1.30458227468572	4.50893498306314	-2.69140159384808	-4.98526295678704	-0.446105028305029	3.93422322580685	0.82754357920046
YB.1_pS102.R.V_GBL9026333	1.1069076095826	0.750607528759691	-3.86847078215435	-3.25665095858927	1.86699040426086	-4.50829214873762	1.59736978088283	0.77948750906933	4.21062104904159	-3.7354620500333	3.24141126654276	-0.972038314204683	2.27763693655077	-3.62984852801828	1.03273677199314	2.27815328540744	-0.279276326944815	2.61955457905886	2.71504691284501	2.68135253650453	-0.809233383631963	-3.55731241936777	2.37455714589467	6.38216098487048	-1.25434144626999	0.213707437783915	-3.99608116965322	-0.969749552694507	5.36543647730277	0.614481952218581
