ID1	changeInclude	change	FDRp
EGFR.R.V_GBL1033837	7.44569356189859	7.44569356189859	0.169424981959676
p38.R.V_GBL1033807	7.29168230927548	7.29168230927548	0.0545211514596202
p21.R.V_GBL1033880	7.19912101026864	7.19912101026864	0.412941847862481
Src_pY527.R.V_GBL1033726	7.02401693079317	7.02401693079317	0.279639342267289
SF2.M.V_GBL1033906	6.36866778388639	6.36866778388639	0.199145973851145
MEK1.R.V_GBL1033802	6.31734820028117	6.31734820028117	0.111008558021802
Akt.R.V_GBL1033833	6.22778685259114	6.22778685259114	0.169424981959676
RSK.R.C_GBL1033739	6.06825676024397	6.06825676024397	0.279639342267289
FoxO3a_pS318_S321.R.C_GBL1033796	5.94925915429612	5.94925915429612	0.279639342267289
PMS2.R.V_GBL1033867	4.55781770675138	4.55781770675138	0.279639342267289
MSH6.R.C_GBL1033824	0	4.54683878608704	0.256332386773322
MIG6.M.V_GBL1033905	0	4.51885246289347	0.322384116155808
Myosin.11.R.V_GBL1033848	0	4.34576832107792	0.331547095566887
Collagen.VI.R.V_GBL1033877	0	4.32130375955402	0.279639342267289
Mcl.1.R.V_GBL1033861	0	4.19483812647921	0.523512609565849
PI3K.p85.R.V_GBL1033815	0	4.17104080575243	0.440204571512138
Fibronectin.R.V_GBL1033958	0	4.04343316812272	0.440204571512138
A.Raf.R.V_GBL1033858	0	3.84785025037724	0.366115655411204
Bak.R.C_GBL1033678	0	3.84468358217163	0.279639342267289
FAK.R.E_GBL1033864	0	3.71392227295398	0.440204571512138
G6PD.M.V_GBL1033940	0	3.66119857856342	0.366115655411204
CD31.M.V_GBL1033933	0	3.64020690959211	0.366115655411204
MEK2.R.V_GBL1033866	0	3.60499082410735	0.366115655411204
GPBB.R.V_GBL1033868	0	3.56601840607919	0.395123606227298
eEF2.R.C_GBL1033822	0	3.50502089160007	0.412941847862481
Transglutaminase.M.V_GBL1033901	0	3.47355516751553	0.471865528230775
Caveolin.1.R.V_GBL1033687	0	3.40420158612573	0.532050558255242
TAZ.R.V_GBL1033741	0	3.31202096607979	0.438038368596942
p38.alpha.M.V_GBL1033908	0	3.09859453461066	0.523512609565849
p53.R.C_GBL1033956	0	3.01730074440882	0.565416383355645
ATM.R.V_GBL1033874	0	2.90180754736168	0.666069814803164
X53BP1.R.V_GBL1033787	0	2.85963176113653	0.471865528230775
JAB1.M.C_GBL1033943	0	2.7421621459551	0.523512609565849
CD49b.M.V_GBL1033902	0	2.72036854157333	0.608557552356255
Cox.IV.M.C_GBL1033935	0	2.64627366987959	0.523512609565849
X4E.BP1.R.V_GBL1033914	0	2.63598345087305	0.523512609565849
PAI.1.M.V_GBL1033891	0	2.59719086278815	0.551072507213643
FASN.R.V_GBL1033852	0	2.50313612917075	0.565416383355645
GATA3.M.V_GBL1033951	0	2.38697560683371	0.608557552356255
PDK1.R.V_GBL1033813	0	2.36139762405447	0.608557552356255
PKC.alpha.M.V_GBL1033894	0	2.28635195966102	0.625028788795608
BAP1.M.V_GBL1033930	0	2.24468915327132	0.565416383355645
SCD.M.V_GBL1033945	0	2.20837381522147	0.605896510649202
Merlin.R.C_GBL1033821	0	2.07045031526564	0.608557552356255
Stat5a.R.V_GBL1033728	0	2.06660646259742	0.608557552356255
RBM15.R.V_GBL1033847	0	2.03309147518227	0.628377173794153
E.Cadherin.R.V_GBL1033835	0	2.03205281323899	0.687858289500009
CD29.M.V_GBL1033911	0	1.90123648195887	0.666891003465339
INPP4b.R.V_GBL1033826	0	1.88327104621467	0.608557552356255
TTF1.R.V_GBL1033830	0	1.81270695375452	0.666891003465339
HIAP.R.C_GBL1033783	0	1.75991744873747	0.755159277061454
JNK2.R.C_GBL1033799	0	1.72077100032002	0.755159277061454
IGFBP2.R.V_GBL1033922	0	1.68619994038032	0.755159277061454
p16INK4a.R.V_GBL1033865	0	1.38274046126672	0.904192125454237
TWIST.M.C_GBL1033888	0	1.28954678567014	0.902090978448004
N.Ras.M.V_GBL1033944	0	1.26421571887807	0.933833056769541
Cyclin.E1.M.V_GBL1033936	0	1.23517371161913	0.89939607217253
Bim.R.V_GBL1033684	0	1.14994054326508	0.89939607217253
C.Raf.R.V_GBL1033856	0	1.13717759310331	0.847508321727882
Porin.M.V_GBL1033946	0	0.94612718859117	0.872550197126755
X14.3.3.beta.R.V_GBL1033882	0	0.905232666070061	0.890978130030421
DJ1.R.V_GBL1033777	0	0.891797971355944	0.910328879111822
Gys.R.V_GBL1033818	0	0.861786071947219	0.89939607217253
X4E.BP1_pT37_T46.R.V_GBL1033672	0	0.801807993302489	0.89939607217253
p70.S6K_pT389.R.V_GBL1033811	0	0.741667935221568	1
NDRG1_pT346.R.V_GBL1033842	0	0.739795540548513	0.910328879111822
GSK.3b_pS9.R.V_GBL1033831	0	0.732005499772799	1
ACC1.R.E_GBL1033674	0	0.603345733357162	1
Tyro3.R.V_GBL1033829	0	0.453214907583088	1
Cox2.R.C_GBL1033859	0	0.409910628483794	1
Lck.R.V_GBL1033800	0	0.391226145244656	1
p70.S6K1.R.V_GBL1033810	0	0.358044257327039	1
Rictor.R.C_GBL1033844	0	0.328155985056591	1
X14.3.3.zeta.R.V_GBL1033883	0	0.214250465530492	1
ATR.R.C_GBL1033779	0	0.181850754787051	1
Rab11.R.E_GBL1033832	0	0.138670355872381	1
mTOR.R.V_GBL1033803	0	0.119269268952343	1
Snail.M.QC_GBL1033897	0	0.0731391440766439	1
Dvl3.R.V_GBL1033785	0	0.0118920693027915	1
ACVRL1.R.C_GBL1033834	0	0	NA
Beclin.G.C_GBL1033953	0	0	NA
Chk1.M.C_GBL1033910	0	0	NA
Chk1_pS345.R.C_GBL1033780	0	0	NA
Chk2.M.V_GBL1033889	0	0	NA
Chk2_pT68.R.C_GBL1033688	0	0	NA
Complex.II.Subunit.M.V_GBL1033934	0	0	NA
GAPDH.M.C_GBL1033890	0	0	NA
PARP.cleaved.M.QC_GBL1033892	0	0	NA
PARP1.R.V_GBL1033887	0	0	NA
PCNA.M.C_GBL1033893	0	0	NA
Smad1.R.V_GBL1033782	0	0	NA
Smad3.R.V_GBL1033743	0	0	NA
Smad4.M.V_GBL1033947	0	0	NA
TIGAR.R.V_GBL1033836	0	0	NA
UBAC1.R.V_GBL1033872	0	0	NA
UQCRC2.M.C_GBL1033949	0	0	NA
XRCC1.R.C_GBL1033781	0	0	NA
N.Cadherin.R.V_GBL1033805	0	-0.00510324192755429	1
eEF2K.R.V_GBL1033823	0	-0.0224902340652685	1
GSK.3ab.M.V_GBL1033941	0	-0.133456517920078	1
Rad50.M.V_GBL1033904	0	-0.133884094552995	1
PDGFR.beta.R.V_GBL1033862	0	-0.161804334323968	1
p27_pT157.R.C_GBL1033772	0	-0.25190851201892	1
CDK1.R.V_GBL1033788	0	-0.298467633256415	1
Bcl2.M.V_GBL1033931	0	-0.462543630912434	1
Notch1.R.V_GBL1033825	0	-0.611301279275188	0.933833056769541
Tuberin_pT1462.R.V_GBL1033730	0	-0.707195801264316	0.933833056769541
PKC.delta_pS664.R.V_GBL1033784	0	-0.729817770666242	0.933833056769541
UGT1A.M.V_GBL1033950	0	-0.766182638721885	0.904192125454237
S6_pS240_S244.R.V_GBL1033724	0	-0.796163732609874	0.934986592796849
PEA.15.R.V_GBL1033789	0	-0.822886074825846	0.934986592796849
HER2.M.V_GBL1033942	0	-0.862205465247751	0.904192125454237
Bax.R.V_GBL1033679	0	-0.902986614773715	1
Ets.1.R.V_GBL1033886	0	-0.925346415848624	0.902090978448004
Annexin.VII.M.V_GBL1033907	0	-1.01892825811798	0.910328879111822
S6_pS235_S236.R.V_GBL1033723	0	-1.0356063455919	0.904192125454237
TFRC.R.V_GBL1033849	0	-1.06837057879206	0.89939607217253
c.Kit.R.V_GBL1033690	0	-1.09079734689967	0.827143604457341
ERCC1.M.V_GBL1033939	0	-1.09947516439693	0.860578456780438
Pdcd4.R.C_GBL1033770	0	-1.19407069745374	0.902090978448004
Bid.R.C_GBL1033683	0	-1.21303627046632	0.902090978448004
GSK.3ab_pS21_S9.R.V_GBL1033797	0	-1.23057370831377	0.896207881196575
B.Raf_pS445.R.V_GBL1033685	0	-1.30417061166851	0.872550197126755
YB1_pS102.R.V_GBL1033771	0	-1.36586591628922	0.872550197126755
Gys_pS641.R.V_GBL1033819	0	-1.41467064237339	0.793242500471922
VEGFR.2.R.V_GBL1033731	0	-1.49690083674959	0.755159277061454
Src.M.V_GBL1033898	0	-1.51431691744466	0.771967145161705
Rab25.R.V_GBL1033850	0	-1.61057129434937	0.709534291350521
Rictor_pT1135.R.V_GBL1033845	0	-1.61961131271911	0.853714632385898
PREX1.R.V_GBL1033857	0	-1.65144008592367	0.702432275491047
PKC.alpha_pS657.R.C_GBL1033816	0	-1.69097920892333	0.817551285903739
ATM_pS1981.R.V_GBL1033875	0	-1.72489000654286	0.755159277061454
NF.kB.p65_pS536.R.C_GBL1033806	0	-1.80411787137407	0.682828459268591
Syk.M.V_GBL1033948	0	-1.81370989573843	0.663971138736581
eIF4G.R.C_GBL1033840	0	-1.82369101268547	0.793242500471922
BRCA2.R.C_GBL1033740	0	-1.89843943755125	0.670766991113318
b.Catenin.R.V_GBL1033680	0	-1.90278364666684	0.628377173794153
MDM2_pS166.R.V_GBL1033854	0	-1.92130478825129	0.767179398284084
c.Met_pY1234_Y1235.R.V_GBL1033735	0	-1.93304602604989	0.817551285903739
Smac.M.QC_GBL1033896	0	-2.09513007580328	0.709534291350521
YB1.R.V_GBL1033732	0	-2.10859919448207	0.608557552356255
c.Met.M.QC_GBL1033899	0	-2.12578546521289	0.709534291350521
ADAR1.M.V_GBL1033909	0	-2.14774341599528	0.608557552356255
Rad51.R.V_GBL1033870	0	-2.19076992292553	0.704603777008574
ATP5H.M.C_GBL1033913	0	-2.2161491714959	0.663971138736581
ARHI.M.C_GBL1033929	0	-2.31020352288351	0.565416383355645
PI3K.p110.alpha.R.C_GBL1033769	0	-2.37911037042633	0.565416383355645
PEA.15_pS116.R.V_GBL1033790	0	-2.4553932852631	0.608557552356255
NAPSIN.A.R.C_GBL1033873	0	-2.49529222463531	0.523512609565849
Caspase.8.M.QC_GBL1033903	0	-2.6834395291725	0.526183471284406
c.Jun_pS73.R.V_GBL1033689	0	-2.73023729682455	0.565416383355645
Heregulin.R.V_GBL1033776	0	-2.76536306007522	0.663971138736581
PRAS40_pT246.R.V_GBL1033737	0	-2.79148007054505	0.587038761599958
Raptor.R.V_GBL1033843	0	-2.79426816610153	0.471865528230775
YAP.R.E_GBL1033881	0	-2.79459060157047	0.523512609565849
AMPK.alpha_pT172.R.V_GBL1033676	0	-2.84422134961648	0.471865528230775
X4E.BP1_pS65.R.V_GBL1033671	0	-2.85130096117864	0.471865528230775
EGFR_pY1068.R.C_GBL1033694	0	-2.9006973529795	0.663971138736581
SETD2.R.QC_GBL1033820	0	-2.90150655793605	0.526183471284406
Caspase.7.cleaved.R.C_GBL1033686	0	-2.93158687647406	0.440204571512138
PKC.beta.II_pS660.R.V_GBL1033846	0	-2.95401162634317	0.608557552356255
FoxO3a.R.C_GBL1033838	0	-3.01919893911767	0.587038761599958
AMPK.alpha.R.C_GBL1033675	0	-3.02932958403969	0.565416383355645
MEK1_pS217_S221.R.V_GBL1033828	0	-3.05237493667134	0.628377173794153
PR.R.V_GBL1033720	0	-3.06106252693139	0.438038368596942
AR.R.V_GBL1033738	0	-3.12069714960186	0.440204571512138
HER2_pY1248.R.C_GBL1033827	0	-3.13327267212331	0.551072507213643
Annexin.I.M.V_GBL1033912	0	-3.16563180955526	0.523512609565849
p27_pT198.R.V_GBL1033774	0	-3.20242131464368	0.565416383355645
PTEN.R.V_GBL1033722	0	-3.2075366046036	0.551072507213643
Claudin.7.R.V_GBL1033773	0	-3.21302643988633	0.438038368596942
C.Raf_pS338.R.V_GBL1033691	0	-3.29140248574967	0.638286080314124
p27.Kip.1.R.V_GBL1033778	0	-3.34271290084558	0.709534291350521
Gab2.R.V_GBL1033786	0	-3.38603543687308	0.523512609565849
ACC_pS79.R.V_GBL1033673	0	-3.49579474265775	0.440204571512138
Tuberin.R.V_GBL1033729	0	-3.58781596856314	0.523512609565849
Cyclophilin.F.M.V_GBL1033937	0	-3.92368842949582	0.322384116155808
eIF4E.R.V_GBL1033734	0	-4.02070421547664	0.523512609565849
PDK1_pS241.R.V_GBL1033814	0	-4.05504976328565	0.451268039326372
GCN5L2.R.V_GBL1033871	0	-4.06628348057849	0.279639342267289
X14.3.3.epsilon.M.C_GBL1033928	0	-4.1156734111429	0.304188252505167
E2F1.M.V_GBL1033938	0	-4.15555230398215	0.452769454821626
Myosin.IIa_pS1943.R.V_GBL1033853	0	-4.22336069442887	0.279639342267289
YAP_pS127.R.E_GBL1033742	0	-4.32816047075832	0.366115655411204
IGF1R.beta.R.V_GBL1033860	0	-4.37732660914032	0.322384116155808
Cyclin.B1.R.V_GBL1033693	0	-4.42363228385811	0.451268039326372
p38_pT180_Y182.R.V_GBL1033808	0	-4.73004721513273	0.314415699074
TSC1.R.C_GBL1033841	0	-4.91651326708975	0.256332386773322
IRS1.R.V_GBL1033768	0	-5.01361622993801	0.322384116155808
Paxillin.R.C_GBL1033812	0	-5.04981660296547	0.279639342267289
Bcl.xL.R.V_GBL1033682	0	-5.15539739717032	0.545559039609845
Histone.H3.R.V_GBL1033869	0	-5.31777652713467	0.296657118072427
mTOR_pS2448.R.C_GBL1033804	0	-5.39894175501481	0.359687769990244
Stathmin.1.R.V_GBL1033733	0	-5.44137830899862	0.438038368596942
FAK_pY397.R.V_GBL1033863	0	-5.55753803438249	0.440204571512138
Rb.M.QC_GBL1033895	0	-5.74221050576861	0.279639342267289
HER3.R.V_GBL1033884	0	-5.78221909537366	0.0975132698797725
EGFR_pY1173.R.V_GBL1033695	0	-6.07570158012566	0.359687769990244
ER.alpha.R.V_GBL1033879	0	-6.09072534703594	0.256332386773322
Pdcd.1L1.G.C_GBL1033925	0	-6.27282755043275	0.152468539462431
B.Raf.M.C_GBL1033932	0	-6.52746587418176	0.279639342267289
Cyclin.D1.R.V_GBL1033878	0	-6.60089081221596	0.366115655411204
c.Myc.R.C_GBL1033885	0	-7.32461928610959	0.438038368596942
HER3_pY1289.R.C_GBL1033736	0	-7.94982204111326	0.0551493509487453
ER.alpha_pS118.R.V_GBL1033794	0	-8.16703936024128	0.152360106002282
b.Catenin_pT41_S45.R.V_GBL1033855	0	-8.64296028530244	0.256332386773322
JNK_pT183_Y185.R.V_GBL1033775	0	-8.86182159911108	0.0943518756966278
MSH2.M.V_GBL1033900	-9.09125807406456	-9.09125807406456	0.0748680157569414
Bad_pS112.R.V_GBL1033677	-9.20710574052914	-9.20710574052914	0.0748680157569414
FoxM1.R.V_GBL1033839	-9.57674172413617	-9.57674172413617	0.0123149358784234
Src_pY416.R.C_GBL1033725	-9.69003042518311	-9.69003042518311	0.106523922797862
Stat3_pY705.R.V_GBL1033727	-9.73606318900146	-9.73606318900146	0.266952138877866
Rb_pS807_S811.R.V_GBL1033721	-9.85817529416624	-9.85817529416624	0.059099853725241
Shc_pY317.R.V_GBL1033791	-13.1994994759383	-13.1994994759383	0.0123149358784234
MAPK_pT202_Y204.R.V_GBL1033801	-14.0542587036276	-14.0542587036276	0.0408338035780011
Akt_pS473.R.V_GBL1033793	-18.4714428192228	-18.4714428192228	0.0123149358784234
Akt_pT308.R.V_GBL1033851	-19.0138246808473	-19.0138246808473	0.0123149358784234
