ID1	changeInclude	change	FDRp
Src_pY527.R.V_GBL1033726	4.12862588889014	4.12862588889014	0.932957444864128
Rictor_pT1135.R.V_GBL1033845	3.83920949055506	3.83920949055506	0.758568722079405
EGFR.R.V_GBL1033837	3.78283053093658	3.78283053093658	0.952099294928286
Heregulin.R.V_GBL1033776	3.74997897631089	3.74997897631089	0.727037844224907
N.Ras.M.V_GBL1033944	3.53825660415116	3.53825660415116	0.81179491876748
Caveolin.1.R.V_GBL1033687	3.5092165635089	3.5092165635089	0.952099294928286
p21.R.V_GBL1033880	3.41098948996753	3.41098948996753	0.952099294928286
p38.R.V_GBL1033807	3.29269461954098	3.29269461954098	0.899792356143285
eIF4G.R.C_GBL1033840	3.28209206549087	3.28209206549087	0.899792356143285
GSK.3ab.M.V_GBL1033941	3.10751578300107	3.10751578300107	0.727037844224907
ATR.R.C_GBL1033779	0	3.07596007095847	0.736338790459695
Akt.R.V_GBL1033833	0	3.06716829369258	0.727037844224907
MEK2.R.V_GBL1033866	0	2.96211259873925	0.952099294928286
GPBB.R.V_GBL1033868	0	2.91194317900484	0.727037844224907
Bak.R.C_GBL1033678	0	2.91076513044501	0.727037844224907
MSH6.R.C_GBL1033824	0	2.67774082679318	0.727037844224907
G6PD.M.V_GBL1033940	0	2.63563784301962	0.899792356143285
ATM_pS1981.R.V_GBL1033875	0	2.57837330940468	0.736338790459695
PAI.1.M.V_GBL1033891	0	2.54307130953659	0.968332631203078
X4E.BP1.R.V_GBL1033914	0	2.52894820880134	0.727037844224907
Merlin.R.C_GBL1033821	0	2.48001471256166	0.727037844224907
JNK2.R.C_GBL1033799	0	2.45221112434859	0.952099294928286
Cox.IV.M.C_GBL1033935	0	2.41954160733016	NA
FoxO3a_pS318_S321.R.C_GBL1033796	0	2.3998348615636	0.952099294928286
RSK.R.C_GBL1033739	0	2.39206653202081	0.727037844224907
MEK1.R.V_GBL1033802	0	2.38297974369512	0.924327976475016
PDK1.R.V_GBL1033813	0	2.2036975837302	0.924327976475016
INPP4b.R.V_GBL1033826	0	2.16769290144663	0.758568722079405
DJ1.R.V_GBL1033777	0	2.1664973622957	0.924327976475016
Rictor.R.C_GBL1033844	0	2.16285944648223	0.952099294928286
Gab2.R.V_GBL1033786	0	2.14570319035787	0.727037844224907
Dvl3.R.V_GBL1033785	0	2.10831384165399	0.758568722079405
Mcl.1.R.V_GBL1033861	0	2.0874331307078	0.727037844224907
IGFBP2.R.V_GBL1033922	0	1.93649435920859	0.727037844224907
N.Cadherin.R.V_GBL1033805	0	1.89804970671813	1
Rad51.R.V_GBL1033870	0	1.82765096363411	0.952099294928286
NDRG1_pT346.R.V_GBL1033842	0	1.78358044732366	0.978554900525565
Cyclin.E1.M.V_GBL1033936	0	1.72024073908836	0.924327976475016
PDGFR.beta.R.V_GBL1033862	0	1.68617103847342	0.81179491876748
Snail.M.QC_GBL1033897	0	1.66600971826581	NA
UGT1A.M.V_GBL1033950	0	1.65213587550253	NA
p38.alpha.M.V_GBL1033908	0	1.55262344157415	0.727037844224907
NF.kB.p65_pS536.R.C_GBL1033806	0	1.54077016842311	0.81179491876748
SF2.M.V_GBL1033906	0	1.54063613237115	0.727037844224907
ATM.R.V_GBL1033874	0	1.52883799049354	0.924327976475016
c.Jun_pS73.R.V_GBL1033689	0	1.51619711796489	0.924327976475016
Fibronectin.R.V_GBL1033958	0	1.48126714736171	1
BRCA2.R.C_GBL1033740	0	1.47094380791633	0.894944587165474
p53.R.C_GBL1033956	0	1.45367935999332	1
Cox2.R.C_GBL1033859	0	1.44766684399089	0.727037844224907
JAB1.M.C_GBL1033943	0	1.44757688100974	0.727037844224907
PMS2.R.V_GBL1033867	0	1.44692830985585	0.952099294928286
Ets.1.R.V_GBL1033886	0	1.42041434246443	0.924327976475016
MEK1_pS217_S221.R.V_GBL1033828	0	1.33165152330236	0.758568722079405
Transglutaminase.M.V_GBL1033901	0	1.32578668496639	NA
c.Kit.R.V_GBL1033690	0	1.29504499719048	0.924327976475016
ERCC1.M.V_GBL1033939	0	1.27424316902689	0.238190681284726
E.Cadherin.R.V_GBL1033835	0	1.2604440565431	0.754743344740351
A.Raf.R.V_GBL1033858	0	1.19900053818944	0.924327976475016
RBM15.R.V_GBL1033847	0	0.979016378529102	0.924327976475016
HIAP.R.C_GBL1033783	0	0.971135522163004	0.727037844224907
CD31.M.V_GBL1033933	0	0.940463820134451	0.952099294928286
CD49b.M.V_GBL1033902	0	0.922985314802117	0.952099294928286
eEF2K.R.V_GBL1033823	0	0.882958795894022	0.952099294928286
eEF2.R.C_GBL1033822	0	0.86274961534669	1
Rab11.R.E_GBL1033832	0	0.835592182685654	0.952099294928286
Histone.H3.R.V_GBL1033869	0	0.820659114839306	0.952099294928286
CD29.M.V_GBL1033911	0	0.78620643893749	0.727037844224907
ATP5H.M.C_GBL1033913	0	0.771690548308627	0.952099294928286
Rad50.M.V_GBL1033904	0	0.755084101113459	0.727037844224907
TAZ.R.V_GBL1033741	0	0.707656229031958	0.727037844224907
X4E.BP1_pT37_T46.R.V_GBL1033672	0	0.702002277349149	0.952099294928286
HER2.M.V_GBL1033942	0	0.635467779565549	1
MIG6.M.V_GBL1033905	0	0.586500398074441	0.727037844224907
YB1.R.V_GBL1033732	0	0.581609839290153	0.727037844224907
Gys.R.V_GBL1033818	0	0.580066676262429	0.727037844224907
ADAR1.M.V_GBL1033909	0	0.559511265326058	0.977969895388147
Tyro3.R.V_GBL1033829	0	0.5469866640497	1
TWIST.M.C_GBL1033888	0	0.540931558397414	0.956307677201269
c.Met.M.QC_GBL1033899	0	0.535080407897899	0.924327976475016
Stat5a.R.V_GBL1033728	0	0.535031431785341	0.727037844224907
CDK1.R.V_GBL1033788	0	0.502949725441411	0.952099294928286
Lck.R.V_GBL1033800	0	0.469175844556249	0.736338790459695
NAPSIN.A.R.C_GBL1033873	0	0.446484648697323	0.736338790459695
Notch1.R.V_GBL1033825	0	0.204331784094515	0.899792356143285
Myosin.11.R.V_GBL1033848	0	0.175544613784407	0.518276235730047
HER2_pY1248.R.C_GBL1033827	0	0.156345018073031	0.978554900525565
BAP1.M.V_GBL1033930	0	0.135893771313525	1
B.Raf.M.C_GBL1033932	0	0.0958624255808218	1
Myosin.IIa_pS1943.R.V_GBL1033853	0	0.0840641935594725	1
VEGFR.2.R.V_GBL1033731	0	0.0304395831252656	NA
E2F1.M.V_GBL1033938	0	0.0195254623575312	0.924327976475016
p38_pT180_Y182.R.V_GBL1033808	0	0.00842371943484044	0.727037844224907
ACVRL1.R.C_GBL1033834	0	0	NA
Beclin.G.C_GBL1033953	0	0	0.758568722079405
Chk1.M.C_GBL1033910	0	0	1
Chk1_pS345.R.C_GBL1033780	0	0	NA
Chk2.M.V_GBL1033889	0	0	NA
Chk2_pT68.R.C_GBL1033688	0	0	NA
Complex.II.Subunit.M.V_GBL1033934	0	0	1
GAPDH.M.C_GBL1033890	0	0	0.894944587165474
PARP.cleaved.M.QC_GBL1033892	0	0	0.727037844224907
PARP1.R.V_GBL1033887	0	0	NA
PCNA.M.C_GBL1033893	0	0	0.952099294928286
Smad1.R.V_GBL1033782	0	0	0.952099294928286
Smad3.R.V_GBL1033743	0	0	NA
Smad4.M.V_GBL1033947	0	0	NA
TIGAR.R.V_GBL1033836	0	0	0.770929401200148
UBAC1.R.V_GBL1033872	0	0	1
UQCRC2.M.C_GBL1033949	0	0	0.890727358421777
XRCC1.R.C_GBL1033781	0	0	1
GATA3.M.V_GBL1033951	0	-0.0599422666930555	NA
Collagen.VI.R.V_GBL1033877	0	-0.168319104449797	0.727037844224907
TSC1.R.C_GBL1033841	0	-0.171000202970434	0.924327976475016
p27_pT157.R.C_GBL1033772	0	-0.172894848328748	0.727037844224907
PEA.15.R.V_GBL1033789	0	-0.177394382772245	1
FASN.R.V_GBL1033852	0	-0.265986717959737	0.758568722079405
X53BP1.R.V_GBL1033787	0	-0.308526260070735	1
PI3K.p85.R.V_GBL1033815	0	-0.319365108977023	0.899792356143285
Annexin.I.M.V_GBL1033912	0	-0.340668065011497	1
Gys_pS641.R.V_GBL1033819	0	-0.370587953507791	0.960573066319439
ACC1.R.E_GBL1033674	0	-0.452155693134434	1
p70.S6K1.R.V_GBL1033810	0	-0.609193106628111	0.727037844224907
Bid.R.C_GBL1033683	0	-0.638107106738627	NA
Caspase.8.M.QC_GBL1033903	0	-0.707681043060326	0.736338790459695
Porin.M.V_GBL1033946	0	-0.715406135593907	0.899792356143285
X14.3.3.beta.R.V_GBL1033882	0	-0.719163180742348	0.952099294928286
TTF1.R.V_GBL1033830	0	-0.727713151056351	1
PDK1_pS241.R.V_GBL1033814	0	-0.741631032047674	0.742440213282371
PR.R.V_GBL1033720	0	-0.746901789484638	0.952099294928286
Pdcd.1L1.G.C_GBL1033925	0	-0.889797920982785	NA
Smac.M.QC_GBL1033896	0	-0.907357313372563	0.748527269138059
p16INK4a.R.V_GBL1033865	0	-0.92545908914825	1
ARHI.M.C_GBL1033929	0	-0.949076276039786	0.924327976475016
Paxillin.R.C_GBL1033812	0	-0.973355955479948	NA
PKC.delta_pS664.R.V_GBL1033784	0	-0.974026689193536	0.736338790459695
Tuberin.R.V_GBL1033729	0	-0.999343941244757	0.952099294928286
JNK_pT183_Y185.R.V_GBL1033775	0	-1.03422313088081	0.899792356143285
C.Raf.R.V_GBL1033856	0	-1.04430801057727	0.924327976475016
b.Catenin.R.V_GBL1033680	0	-1.06553730402372	0.924327976475016
Cyclophilin.F.M.V_GBL1033937	0	-1.0812841414903	0.899792356143285
FAK.R.E_GBL1033864	0	-1.0916331203891	0.924327976475016
FoxO3a.R.C_GBL1033838	0	-1.09906758205728	0.727037844224907
Tuberin_pT1462.R.V_GBL1033730	0	-1.13173512536519	0.952099294928286
PTEN.R.V_GBL1033722	0	-1.21691759703513	0.924327976475016
Src.M.V_GBL1033898	0	-1.22575778074071	0.924327976475016
PREX1.R.V_GBL1033857	0	-1.23898900421582	0.238190681284726
X14.3.3.epsilon.M.C_GBL1033928	0	-1.25589123432475	0.924327976475016
Rb.M.QC_GBL1033895	0	-1.36611130411169	0.727037844224907
PI3K.p110.alpha.R.C_GBL1033769	0	-1.40125297256622	0.727037844224907
X14.3.3.zeta.R.V_GBL1033883	0	-1.41273398921295	0.924327976475016
AMPK.alpha_pT172.R.V_GBL1033676	0	-1.58706333295319	0.894944587165474
Src_pY416.R.C_GBL1033725	0	-1.70171011857666	0.924327976475016
X4E.BP1_pS65.R.V_GBL1033671	0	-1.73637401372509	0.894944587165474
Rb_pS807_S811.R.V_GBL1033721	0	-1.7698010453717	0.924327976475016
MDM2_pS166.R.V_GBL1033854	0	-1.8501268854751	0.899792356143285
Bax.R.V_GBL1033679	0	-2.08342193174589	0.899792356143285
Cyclin.B1.R.V_GBL1033693	0	-2.08392053788903	0.952099294928286
ACC_pS79.R.V_GBL1033673	0	-2.10166947980262	0.81179491876748
Bim.R.V_GBL1033684	0	-2.10869345849165	0.985078362024044
Cyclin.D1.R.V_GBL1033878	0	-2.11930700693234	0.899792356143285
c.Met_pY1234_Y1235.R.V_GBL1033735	0	-2.17058239699357	1
PKC.alpha.M.V_GBL1033894	0	-2.18430945076192	1
SCD.M.V_GBL1033945	0	-2.28656496105841	0.445347022982232
Caspase.7.cleaved.R.C_GBL1033686	0	-2.32437628562424	0.77010030535363
Pdcd4.R.C_GBL1033770	0	-2.33267924237717	0.952099294928286
ER.alpha.R.V_GBL1033879	0	-2.40699760292399	0.736338790459695
Claudin.7.R.V_GBL1033773	0	-2.44765353974383	NA
Bcl.xL.R.V_GBL1033682	0	-2.45319255088716	0.924327976475016
eIF4E.R.V_GBL1033734	0	-2.51537732957078	0.727037844224907
PKC.alpha_pS657.R.C_GBL1033816	0	-2.5173584914883	0.81179491876748
Syk.M.V_GBL1033948	0	-2.54356191747119	0.727037844224907
Rab25.R.V_GBL1033850	0	-2.6164051706475	0.952099294928286
c.Myc.R.C_GBL1033885	0	-2.63029217164615	0.899792356143285
TFRC.R.V_GBL1033849	0	-2.63301913736332	0.952099294928286
HER3.R.V_GBL1033884	0	-2.68141874054284	1
mTOR.R.V_GBL1033803	0	-2.77400294860848	0.727037844224907
Raptor.R.V_GBL1033843	0	-2.82287872226767	0.899792356143285
YAP.R.E_GBL1033881	0	-2.88646499658744	NA
AR.R.V_GBL1033738	0	-2.98445414560174	0.727037844224907
HER3_pY1289.R.C_GBL1033736	0	-3.12574638209663	0.727037844224907
PKC.beta.II_pS660.R.V_GBL1033846	0	-3.21652155860598	0.865032818821418
IGF1R.beta.R.V_GBL1033860	0	-3.36359493308315	0.952099294928286
b.Catenin_pT41_S45.R.V_GBL1033855	0	-3.374753260888	0.81179491876748
GCN5L2.R.V_GBL1033871	0	-3.3890879916012	1
EGFR_pY1068.R.C_GBL1033694	0	-3.39465005361254	0.727037844224907
YB1_pS102.R.V_GBL1033771	0	-3.39616923948801	0.961083307083411
IRS1.R.V_GBL1033768	0	-3.48340322650638	0.758568722079405
PEA.15_pS116.R.V_GBL1033790	0	-3.48453464688293	1
Annexin.VII.M.V_GBL1033907	0	-3.51915152764409	0.727037844224907
AMPK.alpha.R.C_GBL1033675	0	-3.51921834417562	0.727037844224907
C.Raf_pS338.R.V_GBL1033691	0	-3.55279426621306	0.924327976475016
FoxM1.R.V_GBL1033839	0	-3.55644115432815	0.924327976475016
Shc_pY317.R.V_GBL1033791	0	-3.818836902339	0.924327976475016
FAK_pY397.R.V_GBL1033863	0	-3.93245598580173	0.924327976475016
p27_pT198.R.V_GBL1033774	0	-4.05046673218553	1
Bcl2.M.V_GBL1033931	0	-4.18130481853167	0.727037844224907
YAP_pS127.R.E_GBL1033742	0	-4.18780376466645	0.727037844224907
p70.S6K_pT389.R.V_GBL1033811	0	-4.20722536031716	0.924327976475016
MSH2.M.V_GBL1033900	0	-4.23388085332068	0.978606888761914
SETD2.R.QC_GBL1033820	0	-4.23393188217207	0.736338790459695
EGFR_pY1173.R.V_GBL1033695	0	-4.31218521739086	0.81179491876748
p27.Kip.1.R.V_GBL1033778	0	-4.75863814193687	0.899792356143285
Stathmin.1.R.V_GBL1033733	0	-5.02466952395099	0.964513150023978
GSK.3b_pS9.R.V_GBL1033831	0	-5.40717350310507	0.727037844224907
MAPK_pT202_Y204.R.V_GBL1033801	0	-5.53834683680025	1
Bad_pS112.R.V_GBL1033677	0	-5.84177977726737	0.727037844224907
S6_pS240_S244.R.V_GBL1033724	-6.07490699749958	-6.07490699749958	0.238190681284726
Stat3_pY705.R.V_GBL1033727	-6.40316785180978	-6.40316785180978	0.727037844224907
B.Raf_pS445.R.V_GBL1033685	-6.5311677538189	-6.5311677538189	0.727037844224907
PRAS40_pT246.R.V_GBL1033737	-6.69313593797041	-6.69313593797041	0.952099294928286
GSK.3ab_pS21_S9.R.V_GBL1033797	-6.70919087728359	-6.70919087728359	0.765991920202517
mTOR_pS2448.R.C_GBL1033804	-6.76559042076153	-6.76559042076153	0.727037844224907
S6_pS235_S236.R.V_GBL1033723	-6.91565080067711	-6.91565080067711	0.81179491876748
ER.alpha_pS118.R.V_GBL1033794	-8.27984815261397	-8.27984815261397	0.81179491876748
Akt_pT308.R.V_GBL1033851	-8.39489916490019	-8.39489916490019	0.727037844224907
Akt_pS473.R.V_GBL1033793	-12.7772506784874	-12.7772506784874	0.238190681284726
