"X1" "X2" "X3" "X4" "X5" "X6" "X7" "X8" "X9" "X10" "X11" "X12" "X13" "X14" "X15" "X16" "X17" "X18" "X19" "X20" "X21" "X22" "X23" "X24" "X25" "X26" "X27" "X28" "X29" "X30"
"1" -0.82 -0.22 0.27 -0.772 -0.634 0.102 -0.254 0.119 -0.347 -0.378 -0.752 -0.683 0.119 -0.263 -0.547 0.104 -0.03 -0.34 -0.588 0.326 -0.232 -0.361 -0.363 -0.408 -0.415 -0.035 0.405 -0.191 -0.03 -0.772
"2" 0.887 0.745 0.946 0.307 1.073 1.068 1.12 0.147 0.705 1.285 0.401 0.578 1.129 0.2 0.794 0.238 0.331 0.849 0.936 1.634 0.625 0.39 0.742 0.306 0.594 1.593 0.593 1.104 0.995 0.621
"3" -0.08 -0.14 0.116 -0.076 0.146 -0.232 0.056 0.088 -0.128 -0.452 -0.304 -0.106 -0.092 -0.038 0.042 -0.192 0.088 0.09 -0.016 -0.268 0.18 -0.19 -0.018 -0.08 -0.05 0.086 -0.068 -0.086 -0.036 -0.038
"4" -0.627 -0.511 -1.027 -1.649 -1.847 -1.513 -0.625 -1.291 -1.151 -1.707 -0.325 -0.599 -0.511 -0.383 -0.111 -0.887 -1.023 -0.689 -1.317 -2.319 -1.661 -1.571 -1.145 -1.923 -1.419 -1.661 -1.513 -1.513 -1.099 -0.689
"5" 0.412 0.632 -0.046 -0.122 -0.136 -0.164 -0.02 0.35 0.08 -0.076 0.052 0.514 -0.012 0.74 -0.268 0.08 0.412 0.00800000000000002 0.064 0.066 -0.324 0.632 0.206 0.51 0.446 0.068 0.198 0.452 0.066 0.31
"6" 0.46 0.748 0.522 1.054 0.736 0.522 1.234 0.084 0.898 -0.09 -0.048 0.332 0.026 -0.09 0.412 -0.348 0.332 0.696 0.292 0.484 0.75 0.052 -0.48 0.846 1.22 0.764 0.608 -0.434 0.038 0.498
"7" 0.557 0.531 -0.063 0.093 0.531 0.071 -0.199 -0.229 0.215 -0.051 -0.215 0.101 0.245 -0.00300000000000001 0.385 -0.185 0.809 0.201 0.545 0.401 0.543 0.649 0.071 -0.041 0.471 0.315 0.423 0.479 0.245 0.385
"8" 1.435 0.863 2.311 0.349 1.973 1.637 0.017 0.863 1.483 1.637 0.281 0.0710000000000001 1.949 1.787 1.145 1.245 1.083 1.131 2.545 1.523 0.569 1.109 1.483 1.145 0.471 1.273 1.083 1.695 2.545 1.273
"9" -0.363 0.097 -0.271 -0.629 -0.583 -0.295 -0.721 -0.605 -0.217 -0.163 -0.367 -0.425 -0.307 -0.329 -0.261 -0.599 -0.929 -0.571 -0.605 -0.163 -0.363 -0.623 -0.261 -0.405 0.047 -0.919 -0.405 -0.591 -0.187 0.099
"10" -0.617 0.167 -0.231 -0.267 -0.153 0.027 -0.231 -0.679 -0.709 -0.329 -0.587 -0.833 -0.653 -0.137 -0.671 -0.313 -0.267 -0.323 -0.153 -0.077 -0.633 -0.283 -0.043 -0.633 -0.237 -0.179 -0.577 -0.483 -0.587 0.037
"11" 0.239 0.367 0.219 0.241 0.341 0.389 0.429 0.401 0.077 0.193 0.339 0.281 0.373 0.411 0.345 0.241 0.073 0.241 0.599 0.429 0.367 0.619 0.577 0.073 0.221 0.035 0.219 0.509 0.247 0.411
"12" 0.325 0.831 0.029 1.045 0.401 0.263 1.287 1.053 -0.051 0.973 0.991 0.755 0.915 0.731 0.961 0.025 0.513 0.401 0.717 0.271 0.943 0.961 0.483 0.735 0.785 -0.047 0.379 0.585 0.755 0.375
"13" -0.099 -0.437 0.000999999999999945 -0.427 0.549 0.331 0.705 0.887 0.237 0.843 0.693 -0.143 0.291 0.469 -0.209 0.441 0.331 0.149 -0.449 -0.255 -0.015 0.549 0.441 0.541 1.021 0.799 1.389 1.065 0.899 -0.327
"14" 1.322 1.752 1.32 1.088 0.63 0.868 1.584 1.578 0.836 1.686 0.946 0.874 1.224 1.078 0.18 1.396 1.004 1.402 1.622 0.708 0.598 1.5 1.088 1.592 0.198 1.088 0.476 0.63 2.034 0.562
"15" -0.023 -0.175 -0.127 0.113 0.035 -0.227 0.063 -0.145 -0.099 0.051 0.051 -0.009 0.007 -0.193 -0.177 -0.031 -0.163 0.037 -0.055 0.025 -0.039 -0.103 -0.043 0.00499999999999999 -0.00899999999999999 -0.027 -0.095 -0.163 0.025 -0.091
"16" -0.073 -0.341 -0.333 0.059 0.013 -0.073 -0.073 -0.247 -0.073 0.039 0.017 -0.087 -0.093 -0.153 0.017 -0.093 -0.311 -0.121 -0.095 -0.227 -0.121 -0.041 -0.041 -0.121 -0.163 -0.121 -0.067 -0.121 -0.333 0.085
"17" -0.119 -0.355 0.129 0.105 0.051 -0.101 -0.031 0.417 -0.031 0.047 -0.185 0.231 -0.285 0.061 0.027 0.135 0.179 0.293 -0.013 0.225 -0.049 0.501 -0.065 -0.209 -0.303 -0.109 0.269 0.291 0.225 0.117
"18" 0.277 -0.125 0.089 -0.035 0.413 0.259 0.027 -0.335 -0.519 -0.185 0.277 0.147 0.583 0.403 0.00900000000000001 0.167 0.229 0.393 0.291 -0.095 0.399 0.337 -0.163 -0.275 -0.000999999999999987 0.347 0.197 -0.267 0.067 -0.519
"19" -0.176 -0.24 -0.49 -0.368 -0.188 -0.274 -0.36 -0.516 -0.364 -0.106 -0.396 -0.474 -0.476 -0.494 -0.526 -0.618 -0.364 -0.316 -0.34 -0.364 -0.33 -0.396 -0.312 -0.488 -0.618 -0.364 -0.616 -0.196 -0.518 -0.512
"20" -0.217 -0.207 -0.191 -0.013 -0.087 -0.075 -0.265 -0.287 -0.275 -0.123 -0.123 -0.057 -0.345 -0.201 -0.173 -0.363 -0.207 -0.157 -0.027 -0.299 -0.405 -0.207 -0.355 -0.097 -0.073 -0.045 -0.321 -0.395 -0.241 -0.141
"21" -0.216 -0.156 -0.13 0.054 -0.238 -0.268 -0.298 -0.206 -0.13 -0.114 -0.042 -0.02 -0.12 -0.106 0.124 -0.33 -0.082 -0.288 -0.124 0.05 -0.072 -0.082 -0.29 -0.032 -0.162 -0.164 -0.27 -0.226 -0.082 -0.216
"22" 0.091 -0.467 0.335 -0.233 0.201 0.061 -0.093 0.217 0.149 -0.379 0.239 -0.561 0.143 0.143 0.113 -0.135 -0.561 0.091 -0.055 0.033 0.075 -0.047 -0.173 -0.547 0.195 -0.429 0.151 -0.093 0.061 -0.599
"23" -0.929 -0.637 -0.395 -0.277 -0.711 -0.369 -1.007 -0.335 -0.711 -0.243 -0.431 0.00299999999999998 -0.661 -0.103 -0.777 -0.741 -0.337 -0.757 -0.103 -0.975 0.221 -1.321 -0.163 -0.443 -0.651 -1.101 -0.779 -0.715 -0.929 -0.975
"24" -0.115 0.063 -0.157 -0.093 -0.035 -0.171 -0.003 -0.165 -0.075 -0.293 -0.115 -0.083 -0.065 -0.077 -0.083 -0.125 -0.091 0.063 0.061 -0.199 0.005 0.045 -0.205 -0.229 -0.077 -0.075 -0.255 0.127 0.063 0.063
"25" 1.054 1.33 1.206 1.23 2.152 1.03 0.618 0.746 1.338 1.32 1.606 1.282 0.142 1.624 0.812 0.46 0.326 0.92 1.416 1.054 0.954 0.584 1.514 0.142 1.59 0.792 1.538 0.954 1.59 1.514
"26" 0.032 -0.806 -0.808 -0.44 -0.658 -0.808 -0.592 -0.812 -0.878 -0.29 -0.528 -0.636 -0.272 -0.288 -0.838 -0.29 -0.728 -0.636 -0.442 -0.664 -0.548 -0.616 -0.936 -0.272 -0.616 -1.03 -0.208 -0.24 -0.244 -1.004
"27" 0.187 0.243 0.343 0.249 0.461 0.209 0.275 0.187 0.379 0.241 0.115 0.129 -0.019 0.445 0.227 0.129 0.241 0.339 0.315 0.443 0.427 0.151 0.097 0.117 0.151 0.155 0.533 0.241 0.347 0.341
"28" -0.119 -0.347 -0.259 -0.363 -0.177 -0.271 -0.367 -0.233 -0.503 -0.125 -0.395 -0.227 -0.213 -0.319 -0.253 -0.455 -0.227 -0.185 -0.313 -0.319 -0.227 -0.287 -0.477 -0.403 -0.185 -0.319 -0.285 -0.303 -0.385 -0.479
"29" 0.839 0.153 -0.105 0.083 0.369 0.417 0.817 1.291 0.615 1.291 0.495 0.273 0.417 1.443 1.227 1.055 0.343 0.357 0.507 0.495 0.369 -0.163 0.235 0.675 0.723 0.899 -0.399 0.403 0.235 -0.399
"30" -0.85 -0.486 -0.586 -1.244 -0.566 -0.724 -0.368 -0.766 -0.968 -1.244 -1.09 -0.848 -0.816 -0.658 -0.792 -1.04 -0.862 -0.786 -0.33 -0.85 -0.562 -1.188 -1.146 -1.09 -0.6 -0.782 -0.404 -0.962 -0.948 -0.692
"31" 0.044 -0.102 -0.23 0.032 -0.198 0.45 0.044 -0.058 -0.486 0.322 -0.098 0.328 -0.186 -0.222 0.186 0.168 -0.058 0.068 0.064 -0.32 -0.056 -0.078 0.068 0.186 -0.496 0.066 -0.098 0.056 -0.206 -0.224
"32" -0.378 -0.00999999999999999 0.434 -0.102 -0.16 -0.176 0.116 -0.05 -0.196 0.206 0.266 0.368 -0.138 0.116 -0.016 0.024 0.14 -0.148 -0.01 -0.378 0.022 -0.042 -0.022 -0.22 0.16 -0.07 0.124 0.14 0.232 0.242
"33" -0.029 -0.147 -0.00900000000000003 -0.00900000000000003 -0.209 -0.235 -0.209 -0.437 -0.367 -0.571 -0.451 -0.487 -0.417 -0.263 -0.233 0.143 -0.333 -0.537 -0.279 -0.607 -0.095 -0.095 -0.149 -0.109 0.095 -0.179 -0.00900000000000003 -0.097 -0.249 -0.147
"34" 1.986 1.182 0.49 1.654 0.546 0.366 0.774 2.008 1.852 1.124 0.466 0.366 2.282 1.6 -0.03 2.812 1.6 1.928 0.928 1.478 1.678 0.796 -0.238 1.398 0.968 2.812 0.544 1.42 1.706 0.874
"35" -0.041 -0.015 0.103 -0.193 -0.227 -0.239 0.109 0.155 0.011 0.023 0.021 -0.113 0.119 0.065 -0.283 -0.231 0.093 0.213 0.109 0.043 -0.115 0.053 -0.227 -0.117 0.041 0.053 0.113 -0.149 -0.165 -0.053
"36" -2.636 -3.056 -2.774 -2.426 -2.386 -3.194 -3.83 -1.992 -2.176 -3.398 -2.826 -1.554 -3.258 -2.176 -2.958 -2.826 -3.396 -3.46 -4.02 -2.992 -2.462 -2.35 -3.02 -3.104 -2.488 -2.958 -3.368 -3.928 -3.23 -2.762
"37" -0.325 -0.253 -0.291 -0.303 -0.423 -0.241 -0.369 -0.477 -0.147 -0.405 -0.177 -0.099 -0.487 -0.089 -0.099 -0.099 -0.271 -0.151 -0.243 -0.057 -0.455 -0.219 -0.067 -0.057 0.095 0.011 -0.525 -0.473 -0.351 -0.279
"38" 0.056 0.108 -0.012 0.2 0.38 0.15 0.066 0.13 0.246 -0.054 0.048 0.29 0.108 0.118 0.166 0.056 0.14 0.006 0.074 0.116 0.348 0.054 -0.054 0.19 0.108 0.19 0.182 0.182 0.314 0.056
"39" -0.035 -0.333 -0.139 -0.089 -0.015 -0.185 -0.241 -0.205 -0.045 -0.131 -0.117 -0.115 -0.119 -0.223 -0.115 -0.107 -0.163 -0.127 -0.107 -0.161 -0.291 -0.163 -0.191 -0.151 -0.115 -0.199 -0.143 -0.121 -0.229 -0.205
"40" -1.181 -1.699 -0.465 -0.895 -0.919 -0.0529999999999999 -1.713 -0.583 -1.453 -1.183 -1.235 -0.895 -0.219 -0.205 -0.929 -0.611 -1.247 -0.119 -1.235 -0.465 -0.623 -0.905 -0.771 -0.191 -0.717 -1.147 -0.379 -1.235 -0.871 -1.187
"41" 0.117 -0.093 0.359 0.139 -0.023 -0.123 -0.165 -0.039 -0.073 0.111 0.151 0.277 0.017 -0.073 -0.00899999999999998 0.359 -0.335 0.309 0.073 0.205 0.017 0.067 0.219 0.079 -0.163 0.115 0.131 0.083 -0.345 0.125
"42" -0.33 -0.348 -0.342 -0.094 -0.346 -0.034 -0.126 -0.014 -0.288 -0.382 -0.012 -0.148 -0.514 -0.13 -0.012 -0.52 -0.144 -0.062 -0.252 -0.26 -0.184 0.00400000000000002 -0.262 -0.596 -0.014 0.042 -0.362 -0.05 -0.028 -0.504
"43" 0.0315 -0.0135 -0.1445 -0.0805 -0.2205 -0.0755 -0.2625 -0.1345 -0.3935 -0.4515 -0.1875 -0.3195 -0.3465 -0.1315 -0.0325 -0.0685 -0.0945 -0.4345 -0.0695 -0.4755 0.0205 -0.2255 -0.0505 0.2175 0.1115 -0.0535 -0.1525 0.0215 -0.0765 -0.2435
"44" -0.435 -0.117 0.045 0.231 0.093 -0.175 -0.491 0.165 -0.475 0.703 0.121 -0.351 0.129 -0.143 0.837 0.527 0.703 -0.307 -0.141 0.541 -0.429 0.231 -0.487 -0.475 0.00500000000000001 -0.257 -0.467 0.225 -0.453 0.391
"45" 0.808 0.314 1.066 0.314 0.544 0.172 0.326 -0.00600000000000004 0.024 0.666 0.798 0.574 1.108 0.548 0.396 1.184 -0.358 0.584 0.456 0.836 0.498 0.366 0.696 0.354 0.446 0.84 0.756 0.854 0.386 0.574
"46" 0.249 -0.137 0.209 -0.271 0.055 -0.031 0.077 0.383 0.029 0.047 -0.267 0.063 -0.129 -0.141 0.323 0.045 -0.101 -0.079 -0.251 0.019 -0.097 -0.173 0.023 -0.079 0.155 0.109 0.087 0.005 0.213 -0.227
"47" -0.243 0.00299999999999999 -0.347 -0.329 0.101 -0.243 -0.461 -0.157 -0.055 -0.167 -0.363 -1.047 -0.307 -0.025 0.253 -0.213 -0.329 0.097 0.077 0.137 0.047 -0.579 -0.523 -0.367 0.459 0.015 -0.489 0.015 -0.197 -0.307
"48" -0.052 0.01 -0.078 -0.13 -0.016 0.01 -0.132 0.024 -0.002 -0.004 -0.04 -0.142 -0.032 -3.46944695195361e-18 -0.134 -0.04 -0.166 -0.118 -0.146 -0.028 0.034 0.024 -0.182 -0.07 -0.018 0.024 0.076 -0.08 -0.118 -0.058
"49" -0.183 -0.503 -0.135 -0.165 -0.719 -0.007 -0.715 -0.363 -0.437 -1.087 -0.859 -0.859 -0.305 0.203 -0.251 -0.761 -0.183 -0.705 -0.437 -0.179 -0.745 -0.761 -0.475 -0.475 0.289 -0.773 -0.607 -1.087 -0.563 -0.885
"50" -0.311 0.781 0.149 0.537 0.905 0.931 1.245 -0.129 0.879 0.181 0.851 0.357 0.449 0.435 0.759 0.127 1.007 0.967 1.307 0.445 0.511 0.537 0.583 0.781 0.573 0.723 0.981 0.093 0.693 0.547
"51" 0.456 -0.086 0.52 0.714 0.186 0.138 0.694 0.196 0.52 0.132 0.53 0.432 0.944 0.374 0.442 0.442 0.122 0.49 0.128 0.488 0.552 0.698 0.468 0.27 0.708 0.678 0.666 0.378 1.002 0.138
"52" 0.949 0.965 0.569 0.335 0.295 0.439 1.297 0.323 0.439 0.637 0.637 0.749 0.919 0.317 0.653 0.495 0.247 0.119 0.743 0.569 0.743 1.031 1.231 0.743 0.249 1.077 0.425 0.723 0.917 0.627
"53" 0.936 1.51 0.362 -0.224 0.328 0.222 1.274 0.672 1.876 0.984 0.77 1.072 1.102 1.198 1.386 0.734 0.962 0.652 0.226 0.35 0.782 1.93 -0.062 1.102 0.398 0.748 1.51 1.622 1.102 0.274
"54" 0.906 0.996 0.212 0.942 1.532 0.602 0.704 0.576 0.486 0.326 0.284 1.202 0.628 0.83 1.018 1.362 1.332 0.396 1.108 1.498 0.916 1.032 0.212 0.704 0.828 0.414 1.752 0.786 1.172 0.728
"55" -0.079 0.081 -0.219 0.041 -0.169 -0.113 0.043 -0.111 0.077 -0.247 -0.255 0.099 -0.133 -0.027 0.105 -0.247 -0.211 -0.137 0.107 -0.271 -0.087 -0.077 -0.249 0.019 -0.217 -0.253 -0.189 -0.003 -0.061 0.055
"56" -0.472 -0.27 -0.338 -0.262 -0.566 -0.136 -0.652 -0.404 -0.484 -0.432 -0.546 -0.31 -0.386 -0.386 -0.544 -0.542 -0.29 -0.382 -0.544 -0.296 -0.504 -0.204 -0.282 -0.484 -0.19 -0.598 -0.404 -0.606 -0.136 -0.1
"57" -0.418 -0.122 0.034 -0.044 -0.084 0.054 -0.15 -0.168 -0.252 -0.156 -0.246 -0.14 -0.208 -0.274 -0.238 -0.142 -0.052 0.086 -0.152 0.196 -0.156 -0.122 0.116 -0.084 -0.096 0.198 -0.222 0.016 -0.108 -0.332
"58" 0.132 -0.106 0.276 0.134 0.096 0.164 0.104 -0.072 0.36 0.326 0.19 0.224 0.18 0.166 0.014 0.12 0.156 0.204 0.426 0.214 0.218 0.34 -0.054 0.234 0.254 0.254 1.38777878078145e-17 0.218 0.232 0.334
"59" 0.469 0.211 0.247 0.167 0.275 0.195 0.287 0.103 0.207 0.069 -0.087 0.379 0.443 0.153 0.519 0.011 0.305 0.263 0.305 0.195 0.537 0.509 0.229 0.453 0.419 0.097 -0.079 0.161 -0.00100000000000001 0.413
"60" 0.322 0.558 0.528 0.266 0.39 0.476 0.476 0.306 0.27 0.666 0.498 0.808 0.49 0.412 0.476 0.304 0.286 0.558 0.548 0.352 0.558 0.404 0.376 0.128 0.584 0.27 0.39 0.316 0.518 0.638
"61" -0.296 -0.28 -0.11 -0.476 -0.328 -0.584 -0.272 -0.28 -0.148 -0.584 -0.72 -0.28 -0.536 -0.456 -0.374 -0.28 -0.23 -0.446 -0.39 -0.436 -0.18 -0.514 -0.622 -0.446 -0.39 -0.596 -0.468 -0.328 -0.514 -0.732
"62" 0.336 -0.162 0.45 -0.268 0.158 0.408 0.134 -0.026 0.12 0.19 -0.208 0.31 -0.242 -0.362 0.228 0.196 -0.234 0.526 0.136 -0.222 0.214 0.07 0.454 0.408 0.468 0.45 0.242 0.052 -0.31 0.2
"63" 0.00700000000000001 0.293 0.143 0.153 0.137 0.013 0.011 0.049 0.185 0.000999999999999993 0.117 0.081 -0.137 -0.055 0.105 0.043 0.115 0.011 -0.075 0.187 0.211 0.103 0.049 -0.075 0.117 0.069 0.051 0.011 0.155 0.00899999999999999
"64" -0.177 0.461 -0.055 -0.00900000000000001 0.399 0.165 0.195 -0.011 0.367 0.125 0.125 0.039 0.235 0.359 -0.173 0.339 0.341 0.351 0.245 0.127 0.373 0.367 -0.189 0.531 0.183 0.387 0.373 0.393 0.165 0.339
"65" -0.138 -0.198 -0.296 -0.24 -0.452 -0.252 -0.556 -0.568 -0.5 -0.368 -0.254 -0.4 -0.682 -0.036 -0.526 -0.426 -0.078 -0.126 -0.422 -0.072 -0.194 -0.338 -0.224 -0.394 -0.354 -0.356 -0.4 -0.134 -0.072 -0.34
"66" 0.644 0.354 -0.238 0.39 0.4 0.442 0.246 0.316 0.238 0.188 0.246 0.264 0.898 0.06 0.636 0.644 -0.134 -0.21 0.322 0.492 0.636 0.146 0.422 0.128 0.408 -0.074 0.586 0.33 0.42 -0.01
"67" 0.069 0.211 0.125 0.183 0.117 -0.043 0.229 0.245 -0.043 0.163 -0.00100000000000001 0.117 0.00699999999999999 0.145 0.133 0.133 -0.089 0.201 0.087 0.299 0.257 -0.127 0.201 0.141 0.141 0.057 0.173 0.109 0.019 0.133
"68" 0.189 0.167 -0.031 0.037 0.339 -0.255 0.169 0.161 -0.207 0.199 0.165 -0.207 -0.311 0.217 0.293 -0.181 -0.157 0.167 0.067 -0.031 -0.017 -0.387 0.069 -0.007 -0.107 -0.013 -0.059 0.189 0.119 0.065
"69" 0.889 0.719 1.483 1.195 0.769 1.461 1.873 0.595 0.879 1.325 1.895 1.873 0.887 0.953 -0.015 1.777 1.179 0.911 0.293 1.565 0.305 0.465 1.497 1.593 0.747 0.305 2.081 1.007 1.515 1.303
"70" 0.381 0.355 0.485 -0.137 0.485 -0.045 0.425 -0.175 0.605 0.157 0.529 0.539 0.539 0.607 0.015 0.485 0.157 0.481 0.447 0.381 0.321 0.481 -0.011 0.249 0.573 0.265 0.249 0.099 0.317 0.317
"71" -0.205 -0.083 -0.335 0.407 0.465 0.457 -0.013 0.701 -0.143 -0.013 0.295 0.027 0.311 -0.175 0.159 0.245 -0.085 0.481 0.353 -0.141 0.481 -0.075 0.701 -0.085 0.415 0.465 0.337 -0.185 -0.077 0.159
"72" 0.124 -0.294 -0.284 -0.058 -0.218 -0.186 -0.306 -0.01 -0.214 -0.478 -0.058 -0.238 -0.104 -0.086 -0.248 0.028 -0.434 0.156 -0.15 -0.27 -0.01 -0.484 0.094 -0.06 -0.22 0.048 -0.168 0.024 -0.18 -0.364
"73" -0.528 -0.51 -0.648 -0.306 -0.088 -0.564 -0.378 -0.388 -0.622 -0.508 -0.512 -0.792 -0.28 -0.102 -0.336 -0.472 -0.47 -0.382 -0.338 -0.338 -0.412 -0.434 -0.708 -0.886 -0.484 -0.622 -0.448 -0.262 -0.088 -0.344
"74" 0.361 0.083 0.393 0.105 0.229 0.307 0.137 0.025 0.193 0.137 0.481 0.161 0.361 0.135 0.119 0.347 0.253 0.351 0.351 0.025 -0.163 0.335 0.347 -0.081 0.073 0.435 0.083 -0.027 0.253 0.105
"75" 0.085 -0.027 -0.207 -0.031 -0.079 0.105 -0.075 0.177 -0.051 -0.229 0.263 -0.057 0.051 -0.235 0.239 0.113 0.043 0.051 -0.207 0.193 0.035 0.077 0.131 -0.235 0.263 -0.235 0.125 0.00900000000000001 0.159 0.165
"76" -0.131 -0.343 -0.159 -0.221 0.099 -0.00299999999999998 -0.159 -0.259 -0.265 -0.141 0.083 -0.483 -0.605 0.069 0.085 0.00700000000000002 -0.00699999999999997 0.435 0.171 -0.353 0.063 -0.253 0.079 0.069 -0.147 -0.253 -0.143 0.213 -0.135 -0.343
"77" 0.192 0.456 0.15 0.398 0.304 0.366 0.194 0.174 0.236 0.176 0.318 0.474 0.412 0.322 0.212 0.174 0.376 0.214 0.244 -0.018 0.206 0.174 0.402 0.174 0.304 0.148 0.126 0.336 0.00199999999999998 0.282
"78" 0.332 0.15 -0.108 0.196 0.108 0.11 -0.176 -0.174 0.00799999999999998 0.15 -0.078 -0.518 0.226 0.48 0.11 -0.3 0.062 0.102 0.19 0.07 -0.04 0.118 0.226 0.34 -0.144 -0.392 0.138 0.408 0.118 -0.212
"79" 0.246 -0.132 0.03 0.208 -0.084 -0.202 -0.032 0.198 -0.132 0.246 -0.162 0.332 -0.36 0.068 0.098 -0.032 0.126 0.37 -0.194 0.106 0.016 0.06 0.146 -0.058 -0.154 0.296 0.14 0.098 0.164 0.042
"80" -0.345 -0.361 -0.325 -0.289 -0.327 -0.179 -0.115 -0.193 -0.345 -0.235 -0.181 -0.361 -0.363 -0.359 -0.175 -0.255 -0.229 -0.143 -0.307 -0.301 -0.175 -0.169 -0.187 -0.163 -0.199 -0.313 -0.155 -0.387 -0.289 -0.243
"81" 1.503 0.121 0.923 0.641 0.409 -0.399 0.851 0.087 1.409 0.087 0.695 0.607 0.895 0.631 0.989 0.631 0.0910000000000001 0.939 0.601 0.151 0.577 0.365 0.483 0.665 0.637 0.895 0.671 0.929 0.765 0.687
"82" 0.12 0.124 0.044 -0.032 0.12 0.314 0.12 0.128 0.114 0.414 0.114 0.046 -0.08 0.566 -0.088 0.322 0.33 0.214 0.196 0.06 0.398 0.132 0.302 0.01 0.036 0.026 0.15 0.31 0.33 0.198
"83" 0.195 -0.281 -1.053 -0.769 -1.287 -0.805 -0.263 -0.745 -0.287 -0.667 -1.149 0.243 0.347 -0.247 -0.433 -1.115 -0.415 -1.069 -0.805 0.115 -1.287 -0.185 -0.343 -0.377 0.453 -0.305 0.195 -0.263 -0.367 -0.867
"84" 1.471 1.647 1.153 1.085 1.699 1.245 1.919 1.519 2.003 1.315 1.745 2.491 1.917 1.311 1.989 1.213 0.797 2.037 2.165 0.729 1.243 0.973 1.749 1.261 0.953 1.423 0.729 2.779 2.375 1.313
"85" -0.102 -0.044 0.154 0.118 -0.14 -0.152 -0.072 0.152 -0.1 -0.152 0.182 -0.014 -0.124 0.01 -0.042 0.094 0.152 0.176 -0.066 0.03 -0.094 -0.188 -0.166 -0.014 -0.076 -0.15 0.02 -0.072 0.094 0.182
"86" 0.287 0.353 0.311 0.363 0.177 0.143 0.127 -0.017 0.205 0.031 -0.009 0.253 0.127 0.075 0.273 0.177 0.387 0.163 0.387 0.049 0.049 0.193 0.395 0.287 0.033 0.283 0.387 -0.081 0.165 -0.081
"87" 0.803 0.417 0.289 0.405 0.669 0.867 0.465 0.901 0.781 0.591 0.685 0.339 0.569 0.717 0.597 0.781 0.829 0.591 0.541 0.843 0.789 1.001 0.515 0.655 0.579 0.655 0.595 0.613 0.653 0.635
"88" -0.229 -0.00300000000000001 -0.211 -0.071 0.135 -0.317 0.085 -0.389 -0.139 0.399 0.189 -0.139 -0.121 -0.241 0.189 -0.033 0.433 0.00699999999999999 0.003 0.053 0.087 -0.119 -0.119 0.00099999999999999 0.105 -0.439 -0.101 0.193 0.135 -0.083
"89" -0.048 -0.102 -0.128 0.012 -0.232 -0.23 -0.602 -0.054 -0.158 -0.522 -0.122 -0.134 -0.424 -0.31 -0.03 -0.054 0.018 -0.184 -0.136 -0.232 -0.772 -0.39 -0.496 -0.416 -0.406 0.082 -0.752 -0.39 0.018 -0.422
"90" -0.051 0.127 -0.089 0.099 -0.167 -0.131 -0.227 -0.209 -0.017 -0.043 -0.145 -0.161 -0.155 -0.209 -0.153 0.181 -0.165 -0.073 0.013 -0.299 -0.141 -0.153 -0.013 -0.153 0.119 0.069 -0.071 0.031 -0.023 -0.017
"91" 0.011 -0.157 -0.269 -0.315 -0.053 0.033 -0.283 -0.215 -0.061 -0.037 -0.261 -0.405 -0.087 -0.261 -0.061 -0.373 -0.075 -0.341 0.049 -0.171 -0.129 -0.015 -0.585 0.125 -0.037 0.071 -0.311 -0.265 -0.107 -0.249
"92" 0.431 0.353 -0.129 -0.219 -0.129 -0.221 0.151 0.261 0.057 0.355 0.041 -0.107 0.063 0.355 -0.031 0.355 0.177 0.057 0.045 0.057 0.339 0.339 0.159 0.045 0.245 -0.037 -0.221 0.073 0.339 0.263
"93" -0.79 -0.342 -0.146 -0.838 -0.166 -0.206 -0.442 -0.38 -0.52 -0.758 -0.754 -0.716 -0.68 -0.384 -1.028 -0.146 -0.502 -0.558 -1.21 -0.122 -0.166 -0.14 -1.044 -0.93 -0.436 -0.58 -0.108 -0.384 -0.758 -0.442
"94" -0.289 -0.205 0.045 -0.339 -1.099 -0.417 -0.969 -0.175 -1.157 -1.013 -0.281 -1.101 -1.101 -1.223 -0.501 -0.805 -0.029 -0.621 -1.113 -0.197 -0.401 -0.283 -1.235 -0.409 -0.857 -0.949 -0.805 -0.735 -1.263 -0.283
"95" 2.516 2.416 1.938 2.092 2.624 1.652 3.452 1.428 2.746 2.682 3.036 2.41 3.584 1.42 3.452 1.628 1.844 2.776 3.346 2.198 2.456 2.06 2.654 2.518 2.424 2.106 1.658 2.41 2.624 2.092
"96" -3.013 -2.409 -1.629 -3.013 -1.863 -2.291 -1.577 -1.827 -1.699 -2.267 -1.131 -2.001 -1.001 -1.281 -1.001 -2.245 -1.641 -1.553 -2.433 -2.467 -2.521 -2.073 -1.909 -1.709 -1.931 -2.245 -1.647 -2.899 -2.677 -1.779
"97" 0.169 0.109 -0.291 -0.369 -0.369 -0.369 -0.195 0.169 -0.291 0.149 -0.073 -0.621 -0.311 -0.223 0.237 -0.211 -0.377 0.297 -0.327 0.081 -0.301 0.031 0.071 0.227 0.249 -0.249 -0.161 -0.163 -0.037 0.297
"98" 0.307 0.793 0.309 -0.103 -0.081 0.793 0.091 0.149 0.00299999999999999 0.237 0.965 0.501 0.395 0.537 0.065 0.195 0.241 1.053 0.131 -0.069 0.537 0.467 0.449 0.529 0.413 0.025 0.555 0.313 0.555 0.647
"99" 0.514 0.312 0.226 0.122 0.422 0.31 0.248 0.302 0.394 0.2 0.2 0.13 0.216 0.354 0.368 0.202 0.342 0.262 0.308 0.142 0.342 0.386 0.342 -0.064 0.038 -0.028 0.064 0.256 0.064 0.342
"100" -0.378 0.204 -0.392 -0.232 -0.034 -0.284 -0.378 0.294 0.19 -0.088 -0.194 -0.054 -0.326 -0.326 -0.172 0.19 0.044 -0.326 -0.178 0.196 -0.172 -0.128 0.19 -0.042 -0.106 -0.214 0.294 0.044 -0.232 -0.05
"101" -0.115 -0.033 0.091 -0.125 -0.033 0.011 -0.003 0.171 -0.181 -0.011 0.057 -0.103 0.015 0.057 0.059 -0.097 0.031 0.179 0.057 -0.013 -0.011 -0.123 0.155 -0.155 -0.059 -0.033 0.039 -0.059 -0.291 -0.087
"102" 1.026 0.216 0.846 0.472 1.108 0.574 0.61 0.312 0.176 0.756 0.746 0.018 0.63 0.59 0.946 0.176 0.618 0.172 1.108 1.032 0.872 1.044 1.032 0.91 0.43 0.706 0.83 0.018 0.63 0.71
"103" 0.121 0.469 0.265 -0.063 0.143 0.209 0.051 0.037 0.431 0.337 0.143 0.497 0.381 0.351 0.339 0.409 0.567 0.475 0.337 0.431 0.683 0.417 0.159 0.661 0.515 0.281 0.423 0.113 0.167 0.577
"104" -0.38 -0.978 -1.156 -0.988 -1.06 -0.624 -0.718 -1.008 -0.402 -0.612 -0.446 -1.228 -1.156 -0.718 -0.458 -0.896 -1.052 -0.64 -0.602 -0.574 -1.154 -0.602 -0.83 -0.74 -0.458 -0.57 -1.052 -1.122 -1.156 -1.154
"105" 0.502 0.888 0.346 0.896 0.554 -0.458 0.878 0.682 0.62 0.354 0.542 1.242 0.7 0.628 -0.19 1.046 0.888 0.492 0.218 0.69 0.628 1.148 0.628 1.232 0.692 0.896 0.69 0.63 0.284 0.95
"106" -0.058 0.26 -0.278 0.178 -0.056 0.18 0.31 0.142 -0.15 -0.094 0.084 0.336 0.204 0.24 0.438 -0.154 0.388 -0.094 0.2 0.438 -0.226 0.096 0.03 -0.094 0.266 0.242 0.03 0.254 -0.108 0.254
"107" 0.066 -0.066 0.228 0.18 0.104 0.13 0.242 0.138 0.048 0.058 0.01 0.066 0.18 0.166 0.176 -0.052 0.096 -0.15 0.098 0.256 -0.17 0.296 -0.184 0.234 -0.15 0.146 -0.008 0.242 0.2 0.02
"108" -0.109 -0.143 -0.075 -0.075 -0.117 -0.099 0.027 -0.099 0.101 -0.153 -0.031 -0.059 -0.031 -0.015 -0.241 0.027 -0.067 -0.241 0.009 -0.101 -0.253 -0.287 -0.159 -0.001 0.111 -0.241 0.111 -0.287 -0.287 0.095
"109" -0.548 -0.48 -0.378 -0.636 -0.836 -0.72 -0.756 0.062 -0.33 -1.342 -0.96 -0.508 -0.57 -0.57 -0.452 -0.87 -0.264 -0.768 -0.00400000000000002 -0.13 -0.576 -0.508 -1.342 -0.508 -0.69 -0.57 -1.016 -0.366 -0.214 -1.388
"110" -0.119 -0.053 0.319 0.159 0.109 0.393 0.233 0.375 0.107 0.305 0.027 0.175 0.129 -0.201 0.301 0.055 0.327 0.249 0.393 0.143 0.175 0.245 0.435 0.381 0.217 0.183 0.191 0.341 0.041 0.123
"111" 1.634 1.406 1.874 1.406 0.544 0.738 2.576 0.37 0.61 1.128 0.76 1.204 1.772 1.808 0.898 2.534 1.246 2.534 1.512 1.224 1.31 1.924 1.904 1.368 1.72 1.246 1.164 2.02 1.338 0.96
"112" 0.701 -0.041 0.211 0.311 0.577 0.663 0.311 0.701 0.887 0.921 0.605 -0.157 0.827 0.615 -0.119 0.585 1.045 0.701 0.527 0.793 0.419 0.867 0.979 0.701 -0.119 0.901 0.639 0.827 0.585 0.643
"113" 1.148 1.108 0.224 0.852 0.102 0.244 0.102 0.45 0.784 0.556 1.46 0.642 0.704 1.316 0.556 0.438 1.116 0.672 0.672 0.54 1.286 0.202 0.188 1.078 0.188 0.682 0.378 0.832 0.556 1.392
"114" 1.728 0.258 0.874 -0.12 1.046 0.606 0.54 1.098 0.836 1.15 0.638 1.216 0.856 0.77 1.12 1.15 1.624 0.856 1.374 0.266 1.098 0.534 0.156 0.00599999999999999 0.156 1.15 1.654 0.698 0.698 1.392
"115" 1.192 1.96 0.532 1.792 0.622 0.936 0.974 1.968 0.4 0.682 2.584 1.59 0.884 0.742 2.584 0.56 1.8 1.458 1.044 1.124 2.118 0.928 1.968 1.148 1.352 1.57 0.814 2.082 0.532 0.936
"116" 0.081 0.207 0.155 -0.143 0.223 0.015 -0.359 0.311 0.415 -0.047 -0.351 0.243 0.223 0.027 -0.149 0.319 0.081 0.065 0.141 -0.053 0.579 0.341 0.609 -0.055 -0.135 0.081 0.385 0.341 0.147 0.043
"117" -0.096 -0.122 -0.484 -0.228 -0.42 -0.084 0.16 -0.178 0.096 -0.476 0.108 -0.312 0.116 0.16 -0.146 0.026 -0.244 -0.426 -0.356 -0.484 -0.236 -0.148 -0.256 0.108 -0.14 -0.4 -0.178 -0.236 -0.064 0.084
"118" 0.022 -0.162 0.024 0.024 -0.064 -0.338 -0.036 -0.088 -0.168 -0.154 -0.118 -0.014 -0.142 -0.196 0.014 0.052 -0.192 -0.136 -0.128 0.004 -0.306 0.228 0.048 -0.234 -0.13 -0.122 -0.098 -0.064 -0.262 -0.314
"119" 1.08 0.0939999999999999 1.682 1.576 0.866 1.066 0.888 1.244 1.09 0.742 0.042 0.472 0.866 0.952 1.304 1.066 0.866 0.888 1.244 0.95 1.388 1.628 1.306 1.266 1.066 0.88 1.112 1.576 0.604 0.688
"120" -0.212 -0.338 0.318 0.182 -0.288 -0.174 -0.098 0.386 -0.034 0.028 -0.194 -0.02 0.366 -0.084 0.164 -0.246 0.08 -0.194 0.12 0.068 0.014 0.004 0.052 -0.042 -0.064 0.17 0.112 0.072 0.088 -0.212
"121" 0.128 -0.266 -0.232 -0.288 -0.042 -0.27 -0.208 0.064 -0.062 0.232 -0.398 -0.584 -0.046 -0.024 -0.208 -0.124 -0.232 -0.104 -0.394 -0.232 -0.456 -0.102 0.27 0.064 -0.44 -0.024 0.002 0.142 -0.496 -0.00400000000000001
"122" -0.069 0.035 -0.107 0.059 0.175 -0.139 -0.241 0.177 0.035 -0.009 0.037 0.045 0.065 -0.117 0.059 -0.041 -0.021 0.029 -0.181 -0.107 -0.023 -0.149 -0.021 0.021 -0.099 0.017 0.033 0.177 -0.139 0.023
"123" -0.225 -0.087 -0.00300000000000001 -0.207 -0.149 -0.081 -0.311 -0.163 -0.241 -0.071 -0.243 -0.063 -0.143 -0.185 0.063 -0.145 -0.037 -0.019 -0.243 -0.171 -0.159 -0.185 -0.307 -0.243 -0.307 -0.099 -0.00300000000000001 -0.247 -0.085 0.045
"124" -0.245 -0.141 0.059 -0.071 0.00699999999999999 -0.069 -0.00499999999999999 -0.049 -0.033 -0.101 -0.025 -0.00700000000000001 -0.049 -0.081 -0.071 0.117 0.221 -0.017 -0.125 0.009 0.057 -0.097 -0.057 -0.109 -0.069 -0.057 -0.165 -0.069 -0.019 -0.00700000000000001
"125" -0.511 -0.199 -0.691 0.00699999999999997 -0.487 -0.663 -0.201 -1.189 -0.841 -1.233 -0.663 0.391 -0.663 0.191 -0.649 -0.185 0.495 0.553 -0.295 -0.323 -0.677 0.029 -0.165 -0.529 -1.071 0.745 0.153 -0.863 0.015 -0.691
"126" -0.672 -0.824 -1.096 -1.332 -1.452 -2.156 -0.772 -1.726 -0.996 -1.016 -1.082 -0.6 -1.452 -1.84 -1.548 -0.932 -0.466 -1.396 -1.096 -0.982 -1.396 -1.26 -0.896 -2.156 -1.26 -0.702 -1.096 -0.822 -1.126 -0.53
"127" -0.965 -1.419 -1.017 -1.763 -0.431 -0.859 -0.815 -1.157 -1.081 -1.371 -1.855 -1.057 -0.471 -0.921 -1.585 -0.991 -0.359 -0.387 -1.037 -1.419 -1.113 -1.077 -1.057 -0.789 -1.719 -0.989 -0.673 -0.965 -1.101 -0.789
"128" 0.213 0.213 0.129 0.107 -0.087 -0.181 0.093 -0.309 -0.117 0.105 0.073 -0.245 0.189 0.213 -0.119 0.157 0.487 0.309 0.341 -0.119 0.307 0.233 0.329 -0.169 -0.149 -0.171 0.257 -0.129 0.189 0.571
"129" -0.162 -0.07 -0.098 -0.072 -0.34 -0.31 -0.148 -0.072 -0.114 -0.176 -0.02 0.058 -0.234 -0.226 -0.154 -0.206 -0.2 0.00600000000000001 -0.07 -0.376 -0.284 -0.15 -0.1 -0.468 -0.078 -0.256 -0.148 -0.376 -0.226 -0.076
"130" -0.228 -0.31 -0.472 -0.026 -0.164 -0.11 -0.11 -0.32 -0.25 -0.326 -0.444 -0.326 -0.248 -0.148 -0.396 -0.324 -0.304 -0.368 -0.336 -0.128 -0.162 -0.218 -0.426 -0.266 -0.362 -0.112 -0.21 -0.37 -0.278 -0.294
"131" -0.257 0.613 -0.267 0.229 0.117 -0.307 -0.073 -0.073 -0.323 0.585 0.091 0.347 0.631 0.603 -0.297 0.429 0.245 -0.011 0.105 0.703 0.413 -0.307 0.285 0.525 -0.339 -0.129 0.413 0.229 -0.057 0.239
"132" -0.35 0.00199999999999999 0.032 -0.128 -0.054 -0.288 -0.518 -0.084 -0.37 -0.178 -0.038 -0.26 -0.434 -0.308 -0.55 -0.406 -0.164 -0.296 -0.184 -0.248 -0.398 -0.032 -0.136 -0.1 -0.132 -0.434 -0.046 -0.252 -0.456 -0.128
"133" -0.799 -0.853 -0.717 -0.419 -0.839 -0.923 -0.839 -0.549 -1.139 -0.737 -0.773 -1.219 -0.717 -0.705 -1.291 -0.975 -1.089 -0.549 -0.705 -0.511 -1.089 -1.291 -1.199 -0.763 -0.853 -0.669 -0.845 -0.871 -0.795 -0.533
"134" -0.613 -0.539 -0.209 -0.779 -0.419 -0.597 -0.379 -0.569 -0.189 -0.171 -0.361 -0.463 -0.359 -0.403 -0.429 -0.545 -0.503 -0.575 -0.419 -0.485 -0.211 -0.411 -0.637 -0.591 -0.357 -0.571 -0.149 -0.423 -0.341 -0.357
"135" -0.354 -0.652 -0.168 -0.122 -0.4 -0.46 -0.24 -0.39 0.124 -0.578 -0.286 -0.46 -0.496 -0.42 0.196 0.058 -0.056 -0.09 0.046 -0.216 -0.61 -0.21 -0.204 0.026 -0.292 -0.236 -0.348 -0.42 -0.328 -0.316
"136" -1.747 -1.269 -2.475 -1.887 -1.823 -1.543 -2.091 -1.021 -1.423 -1.691 -1.093 -1.999 -1.081 -1.451 -1.193 -1.289 -1.247 -1.443 -2.321 -1.767 -1.169 -1.191 -1.193 -1.527 -1.081 -1.389 -1.247 -0.691 -1.691 -1.093
"137" -0.096 -0.492 -0.36 -0.21 -0.278 -0.372 -0.266 -0.286 -0.04 -0.21 -0.356 -0.232 -0.19 -0.38 -0.266 -0.044 -0.224 -0.126 -0.278 -0.386 0.024 -0.112 -0.492 -0.364 -0.13 -0.018 -0.356 0.024 -0.244 -0.352
"138" 0.005 0.339 0.505 0.255 0.455 0.365 0.277 0.231 0.369 0.245 0.261 0.165 0.349 0.379 0.295 0.135 0.205 0.201 0.581 0.181 0.409 0.335 0.447 0.795 0.157 0.091 -0.025 0.261 0.349 0.565
"139" -0.031 0.189 -0.033 0.113 0.095 0.059 0.279 0.159 0.241 0.181 0.235 0.045 0.029 0.235 0.323 0.103 0.181 -0.00100000000000001 0.301 0.095 -0.00699999999999999 0.073 0.307 0.227 0.109 0.117 0.065 0.115 0.353 -0.065
"140" 0.054 -0.23 0.358 0.474 -0.244 0.012 0.106 0.738 -0.042 0.344 -0.478 0.286 0.692 -0.244 0.638 -0.012 0.32 0.428 0.34 -0.23 0.428 -0.146 -0.39 0.87 0.386 0.266 0.196 0.97 0.36 -0.478
"141" -0.158 -0.182 -0.136 -0.154 -0.008 0.03 -0.124 -0.208 -0.172 0.032 -0.11 -0.18 -0.172 0.032 0.082 -0.092 -0.09 -0.128 -0.118 0.108 -0.106 0.032 -0.118 -0.208 -0.078 -0.092 -0.192 -0.212 -0.204 -0.09
"142" -0.177 -0.103 0.385 0.003 0.257 0.103 -0.329 0.267 0.183 -0.307 0.101 0.287 0.255 -0.175 0.297 0.357 0.465 0.323 -0.205 0.327 0.351 0.351 0.437 0.431 0.369 0.371 0.241 0.409 0.317 0.113
"143" 0.421 0.407 0.343 0.481 -0.021 0.505 0.301 -0.191 0.383 0.403 0.343 0.219 0.035 0.283 0.893 0.263 0.299 0.631 0.327 -0.073 0.829 0.221 -0.233 0.829 0.317 0.183 0.767 0.343 0.283 0.481
"144" 0.599 -0.019 0.219 0.017 -0.047 0.159 0.037 -0.219 0.599 0.367 0.229 0.093 0.341 0.589 0.589 0.283 0.423 0.111 0.265 0.423 0.00699999999999999 0.133 0.387 0.093 0.589 0.403 0.255 0.597 -0.093 0.481
"145" -0.526 -0.362 -0.316 -0.584 -0.422 -0.586 -0.17 -0.408 -0.696 0.014 -0.484 -0.402 -0.32 -0.292 -0.358 -0.296 -0.014 -0.654 -0.404 -0.63 -0.736 -0.862 -0.014 -0.734 -0.276 -0.388 -0.322 -0.584 -0.762 -0.752
"146" -0.868 -0.226 -0.34 -0.336 -0.826 -0.166 -0.812 -0.24 -1.058 -0.794 -1.382 -0.772 -0.18 -0.402 -0.586 -0.402 -0.898 -0.652 -0.868 -0.658 -0.176 -0.864 -0.328 -0.504 -1.018 -0.744 -0.964 -0.928 -0.712 -0.772
"147" -0.554 -0.026 -0.064 -0.162 -0.064 -0.542 -0.15 0.052 -0.146 -0.218 -0.35 0.128 -0.07 -0.598 0.118 -0.34 0.128 -0.142 -0.132 0.184 -0.35 -0.33 0.00199999999999999 -0.274 -0.158 -0.092 -0.34 -0.026 -0.08 0.128
"148" -0.253 0.00899999999999998 0.045 -0.009 0.015 0.115 0.017 -0.249 -0.017 0.213 -0.049 -0.049 0.213 0.307 -0.189 0.023 0.059 0.101 -0.249 0.023 0.163 0.041 0.015 -0.195 -0.189 0.101 -0.267 -0.049 -0.241 0.127
"149" -0.592 0.014 -0.27 0.2 0.038 0.14 0.066 0.148 0.25 -0.022 -0.646 -0.438 -0.196 -0.254 -0.096 -0.576 -0.402 -0.00999999999999999 -0.756 -0.27 -0.302 -0.216 0.148 0.298 -0.412 -0.00199999999999999 -0.646 -0.022 -0.222 0.2
"150" -0.263 -0.123 0.203 0.105 -0.039 -0.039 -0.347 -0.673 -0.027 -0.147 0.203 -0.055 -0.263 -0.069 -0.161 -0.039 -0.305 -0.081 -0.207 -0.053 -0.459 -0.241 -0.077 0.537 0.171 0.089 -0.371 -0.207 -0.081 -0.393
"151" -1.081 -0.293 -0.555 -0.765 -0.583 -0.621 -0.475 -0.845 -1.361 -0.963 -0.493 -0.959 -1.375 -1.313 -0.973 -0.711 -1.117 -0.439 -1.195 -1.393 -0.781 -0.977 -1.001 -0.881 -0.575 -1.117 -0.827 -0.385 -0.377 -0.669
"152" 0.044 0.136 0.116 -0.158 0.2 0.156 0.042 -0.036 -0.044 -0.006 1.73472347597681e-18 3.46944695195361e-18 0.314 0.156 0.358 0.116 -0.00199999999999999 0.156 3.46944695195361e-18 -0.014 -0.086 -0.086 -0.046 0.142 0.362 0.242 0.434 0.136 1.21430643318376e-17 1.73472347597681e-18
